3 ,2 ,19 ,8
3 ,2 ,20 ,1
3 ,1 ,19 ,10
3 ,1 ,19 ,10
3 ,1 ,19 ,7
3 ,1 ,19 ,7
3 ,1 ,19 ,1
3 ,1 ,20 ,9
3 ,1 ,20 ,2
3 ,1 ,20 ,1
3 ,1 ,20 ,3
2 ,1 ,18 ,11
3 ,1 ,20 ,2
3 ,1 ,20 ,2
3 ,2 ,19 ,6
3 ,1 ,20 ,6
3 ,1 ,20 ,3
3 ,2 ,19 ,2
3 ,1 ,20 ,10
3 ,1 ,19 ,5
3 ,1 ,19 ,2
3 ,1 ,19 ,2
3 ,1 ,19 ,2
3 ,1 ,19 ,2
3 ,1 ,19 ,5
2 ,1 ,19 ,2
3 ,1 ,19 ,2
3 ,1 ,20 ,3
3 ,1 ,20 ,3
3 ,1 ,20 ,3
3 ,2 ,19 ,7
3 ,2 ,19 ,8
3 ,2 ,19 ,8
3 ,2 ,19 ,8
3 ,1 ,17 ,5
3 ,1 ,19 ,2
2 ,2 ,19 ,4
2 ,2 ,19 ,4
2 ,2 ,19 ,4
3 ,1 ,16 ,4
3 ,1 ,19 ,13
3 ,1 ,17 ,11
3 ,1 ,17 ,5
3 ,1 ,19 ,4
3 ,1 ,19 ,4
3 ,1 ,19 ,1
3 ,1 ,20 ,9
3 ,1 ,18 ,1
2 ,1 ,20 ,13
2 ,1 ,20 ,13
3 ,1 ,20 ,4
3 ,1 ,20 ,4
3 ,2 ,19 ,1
3 ,1 ,18 ,11
3 ,1 ,20 ,2
3 ,2 ,20 ,6
3 ,2 ,20 ,6
2 ,2 ,20 ,7
3 ,2 ,16 ,4
3 ,2 ,20 ,4
3 ,1 ,16 ,3
3 ,2 ,19 ,1
3 ,1 ,17 ,1
3 ,1 ,19 ,3
3 ,2 ,18 ,1
3 ,2 ,18 ,1
3 ,1 ,18 ,2
3 ,1 ,20 ,9
3 ,1 ,20 ,9
2 ,1 ,17 ,1
3 ,2 ,18 ,1
3 ,1 ,19 ,4
3 ,2 ,20 ,14
2 ,1 ,20 ,8
3 ,1 ,18 ,2
3 ,1 ,18 ,2
3 ,1 ,17 ,6
3 ,2 ,19 ,1
3 ,1 ,20 ,13
3 ,1 ,20 ,4
3 ,1 ,20 ,1
3 ,1 ,20 ,6
3 ,1 ,20 ,6
3 ,2 ,20 ,6
3 ,1 ,20 ,12
3 ,1 ,20 ,3
3 ,1 ,17 ,3
3 ,1 ,17 ,5
3 ,1 ,19 ,4
3 ,1 ,18 ,3
2 ,1 ,16 ,5
3 ,2 ,18 ,8
3 ,2 ,18 ,8
3 ,1 ,19 ,6
2 ,1 ,19 ,4
3 ,1 ,20 ,6
3 ,1 ,20 ,1
2 ,1 ,17 ,3
3 ,1 ,17 ,5
3 ,1 ,18 ,4
3 ,2 ,19 ,2
3 ,1 ,20 ,7
3 ,1 ,19 ,10
3 ,1 ,19 ,10
3 ,1 ,19 ,10
3 ,1 ,20 ,17
3 ,1 ,14 ,5
3 ,1 ,17 ,6
3 ,1 ,17 ,6
3 ,1 ,18 ,7
3 ,1 ,20 ,9
3 ,1 ,20 ,3
3 ,1 ,20 ,3
3 ,1 ,20 ,8
3 ,1 ,19 ,4
3 ,1 ,19 ,4
3 ,1 ,20 ,3
2 ,1 ,17 ,5
3 ,1 ,20 ,5
3 ,1 ,18 ,8
2 ,1 ,17 ,5
3 ,1 ,20 ,1
3 ,1 ,17 ,4
3 ,2 ,20 ,2
3 ,2 ,20 ,2
3 ,1 ,18 ,9
3 ,1 ,18 ,8
3 ,1 ,18 ,8
3 ,1 ,16 ,2
3 ,2 ,20 ,1
3 ,1 ,19 ,12
3 ,1 ,19 ,14
3 ,2 ,19 ,11
3 ,1 ,18 ,9
3 ,1 ,18 ,9
3 ,1 ,20 ,5
3 ,1 ,20 ,5
3 ,1 ,20 ,5
3 ,1 ,20 ,5
3 ,1 ,19 ,3
3 ,2 ,20 ,4
3 ,1 ,19 ,1
3 ,1 ,19 ,3
3 ,1 ,19 ,3
3 ,2 ,20 ,15
3 ,1 ,20 ,3
3 ,1 ,18 ,3
3 ,1 ,20 ,2
3 ,2 ,20 ,5
3 ,2 ,20 ,5
3 ,1 ,20 ,2
3 ,1 ,20 ,15
3 ,1 ,20 ,15
3 ,2 ,18 ,4
3 ,2 ,18 ,4
3 ,2 ,18 ,4
3 ,1 ,20 ,7
3 ,1 ,17 ,4
3 ,1 ,20 ,8
3 ,2 ,19 ,9
2 ,1 ,20 ,10
3 ,1 ,15 ,10
3 ,1 ,19 ,1
3 ,1 ,20 ,11
3 ,1 ,20 ,10
3 ,1 ,20 ,10
3 ,1 ,16 ,6
3 ,1 ,19 ,9
3 ,1 ,19 ,9
3 ,1 ,17 ,4
3 ,1 ,18 ,9
2 ,1 ,19 ,3
3 ,2 ,19 ,1
3 ,1 ,20 ,8
3 ,1 ,20 ,15
3 ,1 ,20 ,2
3 ,1 ,19 ,8
3 ,1 ,19 ,9
3 ,1 ,19 ,9
3 ,1 ,18 ,9
3 ,1 ,19 ,3
3 ,2 ,16 ,4
3 ,1 ,17 ,7
3 ,1 ,20 ,5
3 ,2 ,20 ,7
3 ,1 ,17 ,9
3 ,2 ,17 ,9
3 ,1 ,20 ,6
3 ,1 ,19 ,8
3 ,2 ,20 ,3
3 ,1 ,19 ,2
3 ,2 ,18 ,7
3 ,1 ,19 ,2
3 ,2 ,18 ,7
3 ,2 ,20 ,6
3 ,2 ,19 ,3
3 ,1 ,19 ,5
3 ,1 ,19 ,5
3 ,1 ,18 ,7
3 ,1 ,18 ,7
3 ,1 ,18 ,13
3 ,2 ,18 ,4
3 ,1 ,19 ,2
3 ,1 ,18 ,8
3 ,1 ,18 ,2
2 ,1 ,20 ,9
2 ,1 ,20 ,9
2 ,1 ,20 ,9
3 ,1 ,17 ,7
3 ,2 ,18 ,5
3 ,1 ,20 ,1
3 ,2 ,19 ,3
3 ,2 ,19 ,3
2 ,2 ,20 ,10
2 ,2 ,20 ,10
2 ,2 ,20 ,10
3 ,1 ,19 ,9
3 ,1 ,19 ,8
3 ,1 ,19 ,8
3 ,2 ,18 ,3
3 ,1 ,20 ,6
3 ,1 ,20 ,9
3 ,1 ,20 ,9
3 ,1 ,20 ,9
3 ,1 ,19 ,3
3 ,1 ,20 ,1
3 ,1 ,19 ,2
3 ,1 ,19 ,2
3 ,1 ,20 ,4
3 ,1 ,20 ,6
3 ,1 ,18 ,15
