1 11 1 1 37 1 42
1 9 1 1 30 2 49
1 9 2 2 13 1 68
1 9 2 2 13 1 68
2 9 2 1 35 1 35
2 9 2 2 48 1 35
2 11 5 2 26 1 42
2 11 5 2 9 1 42
2 11 5 2 40 1 42
2 11 5 2 38 1 42
2 11 5 2 28 1 42
2 9 1 2 20 2 19
2 3 1 2 20 2 20
2 9 1 1 34 1 34
2 9 1 1 34 1 33
1 5 2 1 42 1 42
1 5 2 2 31 1 42
1 11 1 2 56 1 57
2 9 1 1 26 1 27
2 5 1 1 33 1 33
2 9 1 1 33 1 31
2 9 1 2 25 2 37
2 9 1 1 59 1 43
2 5 1 1 59 1 59
2 9 1 1 54 1 59
2 9 2 1 29 1 29
2 4 1 1 39 2 28
2 9 1 1 39 1 39
2 5 1 2 33 2 33
2 4 1 1 43 1 43
2 9 1 1 43 1 40
2 3 2 2 23 2 23
2 3 2 2 24 2 23
2 9 1 1 37 2 36
2 9 1 1 45 1 45
2 9 1 1 45 1 25
2 3 1 1 28 1 28
1 9 1 1 26 1 38
2 5 1 1 39 1 39
2 9 1 1 39 1 23
1 9 1 1 38 1 35
2 8 1 1 42 1 42
2 11 1 1 42 1 56
2 5 1 1 28 1 28
2 9 1 1 28 1 72
2 3 1 2 65 1 50
1 11 1 2 74 1 35
2 9 2 1 19 1 19
2 9 2 1 22 1 19
1 11 1 2 86 1 45
2 21 1 2 36 1 57
2 9 1 1 14 1 29
3 5 1 1 43 1 43
2 9 2 1 24 1 24
2 9 1 2 59 1 66
1 3 2 1 19 1 19
1 3 2 2 26 1 19
2 3 1 1 29 1 29
2 3 1 1 39 1 39
2 9 1 1 39 1 40
2 3 1 2 36 2 36
2 9 1 2 36 1 42
1 3 1 1 75 1 22
1 20 1 1 25 1 30
2 19 1 1 26 1 22
2 3 1 1 26 1 26
2 5 1 1 24 1 24
2 2 1 2 35 2 35
2 9 4 1 29 1 29
2 9 4 1 29 2 23
2 9 4 1 28 1 29
2 9 4 1 28 2 23
2 9 4 2 23 1 29
2 9 4 2 23 2 23
2 9 4 1 31 1 29
2 9 4 1 31 2 23
1 9 1 2 27 1 41
1 9 1 1 36 1 36
2 11 1 1 29 1 49
2 9 1 2 38 2 38
3 5 1 1 38 1 38
3 3 1 1 38 1 42
3 9 2 1 34 2 39
3 9 2 1 34 1 34
3 9 2 1 34 2 37
3 9 2 2 37 2 39
3 9 2 2 37 1 34
3 9 2 2 37 2 37
1 4 1 2 21 2 21
1 9 1 2 26 1 23
2 9 1 1 40 1 40
2 9 1 1 40 1 32
2 9 1 1 48 1 48
2 19 1 1 78 1 23
2 9 1 1 78 2 43
1 9 1 2 20 2 51
1 11 1 1 33 1 33
2 9 1 1 36 1 36
2 9 1 1 58 1 19
3 9 1 2 27 1 66
3 9 1 2 27 1 25
2 5 1 1 33 1 33
2 9 1 2 39 1 25
2 9 1 2 30 2 54
2 9 1 1 31 1 34
2 5 1 1 31 1 31
3 9 1 1 37 2 41
2 10 1 1 36 1 49
2 3 1 2 36 2 36
2 5 1 1 33 1 33
2 9 1 1 33 1 23
2 5 1 1 30 1 30
2 9 1 1 31 1 49
2 8 1 1 13 1 35
2 9 1 1 28 1 32
2 9 1 1 28 1 33
2 5 2 2 30 1 35
2 9 2 2 30 2 52
2 5 2 1 35 1 35
2 9 2 1 35 2 52
2 5 1 1 31 1 31
2 9 1 2 38 2 59
2 3 1 2 38 2 38
2 9 1 1 20 1 20
2 3 1 1 20 1 20
2 9 1 1 34 1 32
2 9 1 2 36 2 36
2 3 1 1 34 1 34
2 9 1 1 36 2 37
2 5 1 1 30 1 30
2 9 1 1 30 2 30
2 11 1 2 20 1 44
2 5 1 1 34 1 34
2 3 1 1 28 1 28
2 9 1 1 28 1 38
2 8 1 1 28 1 34
2 19 1 2 25 1 41
1 11 1 1 74 1 22
2 11 1 1 62 1 40
2 9 1 1 62 1 62
2 3 1 1 36 1 36
2 9 1 1 36 1 27
2 3 1 1 49 1 49
2 9 1 1 49 2 41
2 9 1 1 39 1 39
2 9 1 2 36 2 36
2 9 1 1 11 1 47
2 9 1 1 11 2 54
2 3 1 1 31 1 31
1 8 1 2 27 1 41
2 4 1 1 41 1 41
2 9 1 1 41 2 34
2 5 1 1 21 1 21
2 9 1 1 30 1 45
2 9 2 2 31 2 32
2 9 2 2 31 2 35
2 9 2 2 35 2 32
2 9 2 2 35 2 35
2 5 1 1 24 1 24
1 11 1 1 56 1 23
2 9 1 1 11 1 46
1 9 1 1 31 1 44
2 9 1 1 28 2 39
2 8 1 1 62 1 62
2 9 1 1 21 1 42
1 8 1 2 36 1 41
2 9 1 1 37 1 37
2 19 1 1 37 1 52
2 3 1 1 55 1 55
2 9 1 1 55 1 33
1 11 1 2 88 1 47
2 11 1 1 39 2 51
2 5 1 1 39 1 39
2 9 1 1 32 2 33
2 19 2 2 31 1 55
2 11 2 2 31 1 27
2 19 2 1 4 1 55
2 11 2 1 4 1 27
2 3 2 1 29 1 29
2 3 1 1 24 1 24
2 9 1 1 24 1 29
2 9 1 1 36 1 39
2 3 1 1 36 1 36
2 19 1 1 39 1 41
2 5 1 1 39 1 39
2 9 1 1 26 2 34
2 9 1 1 26 1 26
1 11 1 2 79 1 49
3 2 1 1 34 1 34
3 19 1 1 34 1 58
3 19 1 1 34 1 51
2 11 2 2 79 1 28
2 11 2 2 54 1 28
1 5 1 2 82 1 51
2 19 1 1 52 1 66
2 5 1 1 52 1 52
2 9 1 2 27 1 25
2 9 1 2 27 2 27
2 19 1 1 23 1 23
2 21 1 1 63 1 38
2 5 1 1 63 1 63
2 3 1 1 34 1 34
2 9 1 2 27 2 27
2 11 1 2 27 1 35
2 5 1 1 29 1 29
2 9 1 1 29 1 25
2 9 1 1 45 1 45
2 9 2 1 36 1 36
2 5 2 1 36 1 37
2 9 2 1 37 1 36
2 5 2 1 37 1 37
2 5 1 2 62 2 62
2 9 1 2 62 2 35
3 9 1 1 57 1 56
3 9 1 2 38 2 38
2 9 1 2 53 2 25
2 9 1 2 53 2 53
2 9 1 2 31 2 31
2 3 1 2 21 2 21
1 11 1 2 52 1 47
2 19 1 1 2 1 49
2 9 1 1 2 2 25
2 11 1 2 51 1 57
1 11 1 2 36 1 39
2 11 3 1 26 1 31
2 21 3 1 26 1 26
2 11 3 1 28 1 31
2 21 3 1 28 1 26
1 9 1 2 26 1 20
2 5 1 1 28 1 28
1 9 1 2 43 1 30
2 9 1 2 27 2 27
2 9 1 1 29 2 44
2 9 1 1 31 1 40
2 2 1 1 31 1 31
2 8 1 1 31 1 54
2 9 1 1 40 1 40
2 9 1 1 40 2 56
1 9 1 2 60 1 20
2 19 2 1 30 1 25
2 19 2 2 30 1 25
3 3 1 1 32 1 32
3 19 1 1 32 1 40
2 8 1 1 59 1 59
1 11 2 2 35 1 42
1 11 2 1 2 1 42
1 9 2 2 37 1 30
1 9 2 1 30 1 30
2 19 1 2 38 1 36
2 9 1 1 31 1 25
2 9 1 2 38 2 38
2 5 1 1 45 1 45
3 8 1 1 33 1 43
3 9 1 1 33 2 35
2 9 1 1 35 1 39
2 9 1 1 24 2 27
2 11 1 1 28 1 53
1 19 1 1 9 1 45
1 5 1 1 45 1 45
4 9 4 1 31 1 42
4 9 4 1 26 1 42
4 9 4 2 24 1 42
4 9 4 1 29 1 42
2 9 1 1 35 1 24
1 3 1 2 43 1 23
2 5 1 2 31 1 34
1 11 1 2 56 1 30
2 3 1 1 29 1 29
2 19 1 1 29 1 26
2 9 1 1 33 1 27
2 9 2 1 22 2 27
2 9 2 1 22 1 60
2 9 2 2 27 2 27
2 9 2 2 27 1 60
2 9 1 1 23 1 42
2 9 1 1 25 1 22
2 9 1 2 9 1 49
2 9 1 2 9 2 39
2 4 1 1 25 1 31
2 3 1 1 28 1 28
2 9 1 1 28 1 31
2 9 2 1 20 2 31
2 9 2 1 20 1 20
2 9 2 2 25 2 31
2 9 2 2 25 1 20
1 3 1 2 68 1 33
2 9 1 2 55 2 43
2 21 2 1 47 1 47
2 19 2 1 47 1 41
2 21 2 1 41 1 47
2 19 2 1 41 1 41
2 3 1 1 31 1 31
2 9 1 1 31 2 19
1 3 1 2 33 1 20
2 5 1 2 44 2 44
2 9 3 1 24 1 24
2 9 3 1 24 1 40
2 9 3 2 7 1 24
2 9 3 2 7 1 40
2 9 3 2 5 1 24
2 9 3 2 5 1 40
1 11 1 1 34 1 45
2 5 1 1 32 1 32
2 9 2 1 23 1 23
2 9 2 2 23 1 23
2 3 1 1 20 1 20
2 9 1 1 20 1 43
1 8 1 2 31 1 62
2 8 2 1 30 1 30
2 11 2 1 30 1 35
2 8 2 1 35 1 30
2 11 2 1 35 1 35
2 9 1 1 80 1 66
2 20 1 1 41 1 47
2 5 1 1 41 1 41
2 9 1 2 21 2 21
2 3 1 1 34 1 34
2 9 1 1 34 1 51
2 9 1 1 42 2 43
2 9 1 1 31 1 31
2 5 1 1 37 1 37
2 9 1 1 37 1 48
1 9 1 1 21 2 36
2 4 1 1 43 1 43
2 9 1 1 43 2 26
1 9 1 1 56 1 42
2 5 1 1 34 1 34
2 9 1 1 32 2 28
2 2 1 1 59 1 59
1 9 1 2 36 1 41
2 5 1 1 38 1 38
2 5 1 1 39 1 39
1 5 1 1 43 1 60
2 9 2 1 29 1 26
2 9 2 1 45 1 26
3 90 1 1 31 2 24
2 9 1 1 25 2 19
2 9 1 2 50 2 40
2 4 1 2 50 2 50
1 9 1 1 62 2 46
2 4 1 1 22 1 22
2 9 1 1 34 1 34
2 8 1 2 36 2 36
1 9 1 1 57 1 57
1 9 1 1 27 1 63
4 9 1 2 36 2 36
4 9 1 2 36 3 56
2 8 1 2 21 1 65
2 3 1 2 21 2 21
2 9 1 2 36 1 40
3 9 1 2 35 1 64
3 9 1 2 35 2 32
2 9 1 2 35 2 35
2 2 1 1 28 1 28
2 9 1 1 21 1 20
2 9 1 1 21 1 19
1 20 1 1 56 1 35
2 9 1 1 43 1 60
1 9 1 2 32 1 27
2 9 4 1 27 1 27
2 9 4 1 27 1 19
2 9 4 1 19 1 27
2 9 4 1 19 1 19
2 9 4 1 18 1 27
2 9 4 1 18 1 19
2 9 4 1 19 1 27
2 9 4 1 19 1 19
2 9 1 2 29 1 39
2 3 1 1 25 1 25
2 9 2 1 36 1 28
2 9 2 1 28 1 28
2 19 2 1 32 1 32
2 9 2 1 32 1 39
2 19 2 2 31 1 32
2 9 2 2 31 1 39
2 9 1 1 70 1 70
2 2 1 2 29 2 29
1 9 1 2 77 1 28
2 9 4 1 32 1 32
2 9 2 1 24 2 24
2 9 2 2 24 2 24
1 3 2 1 43 1 43
1 3 2 1 15 1 43
2 9 1 1 48 1 48
2 9 1 1 48 2 28
2 8 1 2 32 1 72
1 11 1 2 22 2 36
2 9 1 1 41 1 34
2 9 1 1 41 1 41
1 9 1 1 52 2 39
2 9 1 2 35 1 37
2 20 1 2 32 1 38
2 9 1 2 32 2 32
2 3 1 2 28 2 28
2 8 1 2 28 1 45
2 3 1 1 44 1 44
2 9 1 2 46 1 41
2 9 1 2 29 1 54
2 3 1 1 61 1 61
2 3 1 1 33 1 33
2 9 1 1 39 1 51
2 5 1 1 39 1 39
2 3 1 2 28 2 28
2 9 1 2 28 1 27
2 3 1 1 32 1 32
2 9 1 1 31 2 34
2 5 1 1 34 1 34
2 20 1 2 34 1 52
2 3 1 1 29 1 29
2 9 1 1 29 1 35
2 8 2 1 72 1 72
2 9 2 1 72 2 53
2 8 2 2 53 1 72
2 9 2 2 53 2 53
2 9 1 1 42 1 42
2 11 1 1 26 1 42
2 9 1 1 26 1 26
1 19 1 2 27 1 29
2 5 1 1 32 1 32
2 3 1 1 25 1 25
1 5 1 1 31 1 31
2 9 1 2 26 2 50
1 9 1 1 30 1 30
1 11 1 2 57 1 47
2 5 1 1 47 1 47
2 21 1 1 35 1 40
2 19 1 1 22 1 22
2 9 1 2 32 2 54
2 3 1 2 31 2 31
2 3 1 1 19 1 19
2 9 1 1 19 2 41
1 8 1 1 26 1 51
2 4 1 1 54 1 54
2 19 1 1 54 1 26
2 9 1 1 45 1 45
1 9 1 1 33 1 33
2 19 1 1 34 1 32
2 5 1 1 34 1 34
2 9 3 2 52 1 25
2 9 3 2 42 1 25
2 9 3 2 64 1 25
2 3 1 1 39 1 39
1 8 1 1 40 1 40
2 9 1 1 25 1 39
2 3 1 1 25 1 25
2 9 2 1 46 1 46
2 9 2 1 19 1 46
1 9 1 2 23 1 40
2 9 1 2 35 1 23
2 9 1 2 35 1 59
1 9 2 1 25 1 25
1 9 2 1 22 1 25
2 9 1 1 60 1 60
5 9 3 1 27 1 29
5 9 3 1 27 1 27
5 9 3 1 27 1 48
5 9 3 1 27 1 32
5 9 3 1 27 1 34
5 9 3 1 48 1 29
5 9 3 1 48 1 27
5 9 3 1 48 1 48
5 9 3 1 48 1 32
5 9 3 1 48 1 34
5 9 3 1 32 1 29
5 9 3 1 32 1 27
5 9 3 1 32 1 48
5 9 3 1 32 1 32
5 9 3 1 32 1 34
2 19 1 2 32 1 40
2 3 1 2 32 2 32
3 9 1 1 32 1 32
2 9 1 2 28 1 35
2 9 1 2 28 1 38
3 9 1 1 63 1 52
3 9 1 1 63 2 33
3 9 1 2 28 2 28
3 9 1 2 28 1 50
3 9 1 2 28 1 23
1 11 1 2 36 1 41
2 9 1 1 34 1 34
2 9 1 2 26 1 47
2 9 1 1 23 1 23
2 19 1 1 23 1 54
2 5 1 1 30 1 30
2 8 1 1 25 1 52
2 9 1 1 25 1 40
2 9 1 2 23 1 75
1 3 2 1 27 1 27
1 3 2 1 30 1 27
1 19 1 2 25 1 19
1 11 1 1 29 1 41
1 4 1 1 47 1 47
1 5 2 1 46 1 46
1 5 2 1 29 1 46
1 4 1 1 22 1 22
1 8 2 1 58 1 58
1 8 2 2 36 1 58
2 5 1 1 22 1 22
3 5 1 1 41 1 41
3 19 1 1 41 1 23
3 9 1 1 41 1 41
2 4 1 1 42 1 42
2 9 1 1 42 1 48
2 3 1 1 26 1 26
2 21 1 1 26 1 59
1 11 1 1 78 1 53
1 11 1 1 33 1 56
2 11 2 2 27 1 24
2 4 1 1 27 1 27
2 9 1 1 27 1 37
2 11 2 1 36 1 32
2 8 2 1 36 1 36
2 3 1 1 34 1 34
2 5 1 1 45 1 45
2 9 1 1 45 1 57
2 9 1 1 36 1 41
2 9 1 1 45 1 33
2 3 1 1 45 1 45
2 5 1 1 34 1 34
2 11 1 2 25 1 48
2 9 1 1 39 1 39
2 8 1 1 36 1 36
2 5 2 1 45 1 45
2 2 2 1 45 1 23
2 5 2 1 35 1 45
2 2 2 1 35 1 23
1 2 1 1 24 1 24
2 5 1 1 27 1 27
2 19 1 1 27 1 35
1 5 1 1 34 1 39
2 11 1 1 22 1 30
2 9 1 1 22 1 22
2 9 1 1 40 1 40
3 19 2 1 26 1 26
3 8 2 1 26 1 43
3 19 2 1 43 1 26
3 8 2 1 43 1 43
1 11 1 1 81 1 49
2 19 2 1 36 1 36
2 19 2 1 36 1 42
2 19 2 1 42 1 36
2 19 2 1 42 1 42
2 5 1 1 54 1 54
2 9 1 1 54 1 52
2 8 1 1 31 1 32
2 8 1 1 41 1 41
2 9 1 1 41 1 27
2 4 1 1 42 1 42
2 11 1 1 30 1 25
2 5 1 1 30 1 30
1 4 2 1 37 1 37
1 4 2 2 27 1 37
2 5 1 1 33 1 33
2 20 1 1 45 1 27
2 5 1 2 33 2 33
2 11 1 2 32 1 69
1 9 1 2 19 1 40
1 11 1 1 61 1 35
2 9 1 1 36 1 51
2 9 1 1 35 1 67
2 4 1 1 35 1 35
2 9 1 2 38 1 38
2 8 1 2 28 1 53
1 11 1 2 29 1 30
2 5 1 1 37 1 37
2 8 1 2 30 1 52
2 9 1 1 24 1 26
2 11 2 2 61 1 61
2 9 2 2 61 1 51
2 11 2 2 40 1 61
2 9 2 2 40 1 51
1 3 1 1 23 1 34
2 9 1 1 37 1 47
3 19 1 1 53 1 28
3 9 1 1 53 1 53
2 11 2 1 47 1 36
2 11 2 1 34 1 36
2 8 2 2 40 1 54
2 8 2 2 25 1 54
2 5 1 1 34 1 34
2 9 1 1 20 1 30
2 3 1 1 20 1 20
2 8 1 1 33 1 39
2 5 1 1 33 1 33
2 9 1 2 34 2 35
2 9 1 2 34 2 34
2 8 1 2 30 1 31
2 3 1 1 21 1 21
2 3 1 1 33 1 33
2 21 1 2 33 1 37
2 9 1 2 33 1 24
2 5 1 1 42 1 42
1 9 2 1 28 1 25
1 9 2 1 38 1 25
1 8 1 1 33 1 63
2 2 1 1 22 1 22
2 9 1 2 29 1 22
2 8 1 1 28 1 47
2 9 1 1 29 1 26
2 19 3 1 25 1 30
2 19 3 1 30 1 30
2 21 1 1 27 1 44
2 5 1 1 35 1 35
2 8 1 1 38 1 35
2 19 1 1 34 1 34
2 9 1 2 53 2 53
2 8 1 1 50 1 50
2 4 1 1 57 1 57
2 3 1 1 42 1 42
2 9 1 1 42 1 40
1 11 1 1 38 2 45
2 9 1 1 24 1 24
1 4 1 1 26 1 26
1 11 1 1 27 1 52
2 9 1 1 25 1 25
2 9 1 2 45 2 42
2 11 1 2 45 1 39
2 9 1 2 27 2 27
1 9 1 1 48 2 40
1 11 1 2 17 1 30
2 9 1 1 22 1 21
2 9 1 1 28 1 50
2 20 1 1 28 1 35
1 11 1 2 56 1 34
1 11 1 2 22 1 63
2 11 1 1 20 1 49
2 9 1 1 20 2 26
2 9 1 1 45 1 45
2 4 1 1 52 1 52
1 9 1 1 76 1 37
2 19 1 1 58 1 44
3 11 1 1 47 1 30
3 9 1 1 47 1 34
1 9 1 1 51 1 47
2 9 1 1 27 1 37
2 4 1 1 27 1 27
1 11 1 1 70 1 29
1 19 1 1 26 1 45
2 9 1 1 25 2 35
2 5 1 1 29 1 29
2 2 1 1 29 1 29
1 8 1 1 49 1 40
1 4 2 2 74 1 28
1 4 2 1 28 1 28
3 9 1 1 21 1 26
3 9 1 1 21 1 21
3 9 1 1 21 1 42
1 3 1 1 35 1 35
2 3 1 1 37 1 37
2 2 1 2 30 2 30
2 9 1 2 30 1 29
2 9 1 1 54 2 21
2 5 1 1 54 1 54
4 9 1 1 28 1 41
4 9 1 1 28 2 24
2 9 1 1 16 1 39
1 5 1 1 60 1 60
1 9 1 2 83 2 38
1 11 1 1 75 1 27
1 11 1 2 65 1 30
2 5 1 2 31 2 31
1 11 1 1 35 1 39
1 11 1 1 44 1 50
2 9 1 1 39 1 44
2 9 1 1 34 1 29
2 5 1 1 34 1 34
2 8 1 1 29 1 47
1 11 1 2 74 1 37
1 9 1 1 33 1 37
2 9 1 1 46 1 46
2 2 1 1 37 1 37
2 9 1 1 37 1 22
2 11 1 2 4 2 37
2 9 1 2 4 1 32
1 8 1 1 31 1 39
2 3 1 1 32 1 32
1 11 1 2 29 1 24
1 8 1 2 10 1 55
2 9 1 2 33 2 33
1 9 1 2 74 2 80
2 19 1 1 36 1 36
2 19 1 1 26 1 46
1 9 1 2 23 1 38
1 5 1 2 89 1 51
2 3 1 1 22 1 22
1 8 1 1 39 1 51
2 9 3 2 6 2 42
2 9 3 2 6 2 42
2 9 3 2 46 2 42
2 9 1 1 39 2 34
2 9 1 1 25 1 25
4 9 2 1 20 1 33
4 9 2 1 20 1 20
4 9 2 1 32 1 33
4 9 2 1 32 1 20
2 9 1 1 23 1 44
2 3 1 1 23 1 23
2 11 1 1 44 1 49
3 9 1 2 26 1 51
3 9 1 2 26 1 28
1 11 1 1 53 1 49
2 8 1 2 22 1 54
2 9 1 2 22 2 19
1 11 1 1 74 1 48
3 9 1 2 55 2 55
1 5 1 1 2 1 39
1 11 1 2 25 1 46
1 11 1 1 40 1 46
1 2 1 2 31 2 31
2 11 1 1 45 1 40
1 11 1 1 48 1 35
2 4 1 1 41 1 41
1 11 1 2 58 1 45
2 3 1 1 24 1 24
2 8 1 1 24 1 43
2 5 1 1 63 1 63
2 19 1 1 63 1 32
2 9 1 1 33 1 30
2 9 1 1 43 1 48
1 5 2 1 30 1 30
1 5 2 1 45 1 30
1 11 1 2 25 1 32
1 11 1 2 30 1 43
1 9 1 1 22 2 46
1 11 1 1 22 1 55
1 11 1 2 27 1 46
1 11 1 2 51 1 40
2 9 1 1 55 1 55
2 19 1 1 47 1 35
2 9 1 1 47 1 47
2 9 3 2 18 2 19
2 9 3 2 18 1 26
2 9 3 1 21 2 19
2 9 3 1 21 1 26
2 9 3 2 17 2 19
2 9 3 2 17 1 26
1 8 1 2 22 1 43
2 9 1 1 51 2 57
2 5 1 1 51 1 51
3 3 1 1 44 1 38
1 19 1 1 27 1 41
1 8 1 2 26 1 43
2 9 1 2 60 2 60
2 9 1 1 10 1 41
2 5 1 1 37 1 37
2 9 1 2 50 1 52
2 11 1 2 50 1 52
2 9 1 2 45 1 31
2 9 1 1 34 1 49
2 9 1 1 34 1 34
2 5 1 1 49 1 49
2 3 1 2 31 2 31
2 3 1 1 25 1 25
1 11 1 2 62 1 48
2 9 1 2 23 2 23
2 9 1 2 23 1 51
2 9 2 1 22 1 22
2 9 2 1 23 1 22
2 9 1 1 41 1 54
2 11 1 1 41 1 41
1 11 1 2 29 1 34
2 19 1 2 32 1 40
1 5 2 1 38 1 38
1 5 2 1 26 1 38
1 9 1 2 15 1 23
2 11 1 2 25 1 50
1 9 1 2 27 2 57
1 3 1 2 45 1 46
1 3 1 2 10 2 33
1 11 1 2 46 1 48
2 8 1 2 45 1 33
2 9 1 1 40 1 40
2 9 1 1 40 1 23
3 9 1 1 59 1 43
3 9 1 1 59 1 59
3 19 1 1 59 1 40
2 9 1 1 36 1 27
2 5 1 1 39 1 39
1 9 1 1 53 1 43
1 5 1 1 52 1 52
2 9 1 1 25 1 25
2 3 1 1 44 1 44
2 9 1 1 44 1 17
3 9 1 1 50 1 26
1 11 1 2 25 1 31
1 11 1 2 38 1 21
2 3 1 1 38 1 38
2 9 1 1 38 1 41
2 8 1 1 44 1 60
1 11 1 2 30 1 51
1 3 1 1 28 1 24
2 9 1 1 31 2 59
2 3 1 1 31 1 31
2 3 1 1 44 1 44
2 9 1 1 44 1 42
2 8 1 1 18 1 59
2 9 1 1 48 2 78
2 9 1 1 48 1 48
1 11 1 1 66 1 29
2 4 1 1 59 1 59
2 8 1 1 59 1 71
2 5 1 1 31 1 31
2 19 1 1 26 1 28
3 8 4 2 17 1 49
3 8 4 1 26 1 49
3 8 4 1 25 1 49
3 8 4 2 26 1 49
2 9 1 2 82 2 49
2 9 1 2 82 2 28
2 5 1 1 39 1 39
2 9 1 1 40 1 72
2 5 1 1 40 1 40
2 3 1 1 25 1 30
1 3 1 2 19 1 19
3 9 1 2 29 1 56
3 9 1 1 40 1 40
2 5 1 1 30 1 30
2 8 1 1 30 1 56
1 8 1 1 22 1 42
1 11 1 1 19 1 49
2 9 1 1 31 1 32
2 5 1 1 31 1 31
2 9 1 1 44 1 44
2 8 1 1 18 1 33
1 11 1 2 45 1 41
2 19 1 1 24 1 24
3 9 3 1 49 1 49
3 5 3 1 49 1 33
3 9 3 1 49 1 77
3 9 3 1 33 1 49
3 5 3 1 33 1 33
3 9 3 1 33 1 77
3 9 3 1 77 1 49
3 5 3 1 77 1 33
3 9 3 1 77 1 77
1 11 1 2 46 1 47
2 9 1 1 34 2 27
1 11 1 1 23 1 56
1 11 1 2 81 1 58
2 3 1 2 24 2 24
1 9 1 1 61 2 25
1 9 1 2 28 1 36
1 9 1 1 43 1 31
1 3 2 2 27 1 57
1 3 2 1 57 1 57
2 9 1 1 39 1 73
2 9 1 1 42 1 36
2 3 1 1 42 1 42
2 11 4 1 68 1 33
2 11 4 1 16 1 33
2 11 4 1 18 1 33
2 11 4 2 62 1 33
2 9 2 1 28 1 40
2 9 2 1 28 1 40
1 11 1 2 39 1 65
3 3 1 1 42 1 42
3 19 1 1 42 1 38
3 9 1 1 42 2 23
2 9 2 1 51 1 51
2 9 2 2 43 1 51
2 9 1 1 36 1 33
2 4 1 1 36 1 36
2 5 1 1 46 1 46
1 11 1 2 34 2 35
3 9 4 2 27 2 27
3 8 4 2 27 1 44
3 9 4 2 7 2 27
3 8 4 2 7 1 44
3 9 4 1 3 2 27
3 8 4 1 3 1 44
3 9 4 1 44 2 27
3 8 4 1 44 1 44
2 9 1 1 24 1 26
2 9 1 1 24 1 36
2 9 1 1 24 1 38
2 9 1 1 40 1 40
1 5 1 1 33 1 33
2 11 1 1 42 1 42
2 90 1 1 42 1 28
1 9 1 1 28 1 48
1 9 1 2 20 1 42
2 9 1 2 34 2 34
2 9 1 2 34 1 26
2 9 1 2 34 2 47
3 19 1 2 35 1 25
3 9 1 2 35 2 35
3 9 1 2 35 1 27
2 21 1 1 40 1 46
2 3 1 1 40 1 40
1 11 1 1 49 1 50
1 5 1 1 38 1 38
2 9 1 2 49 2 49
2 11 1 1 54 1 53
2 9 1 1 54 1 54
2 5 1 2 44 1 26
2 9 1 2 44 2 28
2 9 1 1 27 1 27
2 9 1 2 36 1 42
2 11 1 2 36 1 30
2 11 1 1 57 1 26
1 8 1 2 33 1 39
2 19 1 1 43 1 43
1 8 1 2 15 1 39
2 4 1 1 35 1 35
2 5 1 1 24 1 24
2 5 2 1 34 1 34
2 5 2 1 26 1 34
2 9 1 2 34 1 41
2 9 1 1 24 2 51
2 3 1 1 24 1 24
2 5 1 1 33 1 33
2 9 1 1 33 2 38
2 9 1 1 17 1 42
2 8 1 1 36 1 47
1 3 1 1 42 1 42
2 9 2 1 20 2 32
2 9 2 2 32 2 32
2 3 1 1 25 1 25
3 8 1 2 70 1 54
2 9 1 1 31 1 44
2 9 1 2 52 2 52
1 11 1 1 41 1 55
2 11 1 1 40 1 23
2 11 1 1 40 1 38
3 9 1 1 24 1 37
1 8 2 2 22 1 40
1 8 2 2 23 1 40
5 9 3 2 28 1 37
5 9 3 2 28 1 51
5 9 3 2 28 1 40
5 9 3 1 28 1 37
5 9 3 1 28 1 51
5 9 3 1 28 1 40
5 9 3 2 22 1 37
5 9 3 2 22 1 51
5 9 3 2 22 1 40
1 8 1 1 37 1 35
3 5 1 1 40 1 46
3 9 1 1 40 1 31
2 11 1 1 46 1 57
1 11 2 2 30 1 25
1 11 2 1 6 1 25
2 4 1 1 36 1 24
1 19 1 1 38 1 40
2 9 2 2 35 1 28
2 9 2 2 11 1 28
3 3 1 1 37 1 37
1 11 1 2 54 1 22
2 9 1 1 31 2 43
2 5 1 1 31 1 31
2 9 1 2 48 2 66
2 9 1 2 31 1 31
2 9 1 1 57 1 57
2 9 1 1 57 1 65
3 9 1 2 31 1 36
2 9 1 1 45 1 45
2 9 1 1 45 1 24
2 19 1 1 45 1 45
2 21 1 1 45 1 64
2 8 1 1 28 1 35
2 5 1 1 28 1 28
2 9 1 1 23 1 81
3 8 1 2 32 1 45
2 8 2 1 68 1 68
2 9 2 1 68 2 54
2 8 2 2 54 1 68
2 9 2 2 54 2 54
2 19 1 1 25 1 48
1 9 1 1 32 1 64
2 9 1 2 29 1 45
2 5 1 1 43 1 43
2 8 1 1 43 1 45
2 8 1 1 39 1 39
1 9 1 1 52 1 42
2 2 1 1 30 1 51
1 9 1 1 28 1 26
1 11 1 2 31 1 28
2 9 1 1 44 1 44
2 19 2 1 82 1 35
2 19 2 1 75 1 35
2 5 1 1 35 1 35
1 9 2 2 30 1 39
1 9 2 1 34 1 39
1 11 1 2 68 1 37
2 9 1 1 42 1 42
2 2 1 1 16 1 16
2 9 1 1 16 2 37
1 9 1 1 29 1 19
2 8 1 1 36 1 62
1 8 1 1 16 1 39
1 11 1 1 59 1 23
1 8 1 2 53 1 40
2 8 1 2 32 1 48
2 9 1 1 55 1 55
2 9 1 1 55 1 30
1 9 2 2 22 1 22
1 9 2 2 21 1 22
3 9 1 1 17 1 17
3 3 1 1 17 1 17
3 9 1 1 17 1 33
1 11 1 2 28 1 33
1 5 1 2 28 1 32
2 5 1 1 38 1 38
1 9 1 1 15 1 29
2 9 1 2 38 1 26
2 9 3 1 41 2 42
2 9 3 2 38 2 42
2 9 3 1 25 2 42
1 8 1 2 33 1 65
2 19 2 2 34 1 27
2 9 2 2 34 2 42
2 19 2 2 38 1 27
2 9 2 2 38 2 42
3 9 1 1 24 1 24
2 9 1 2 33 2 33
2 9 1 2 33 1 24
2 8 1 2 32 1 22
2 5 1 1 26 1 29
2 19 1 1 27 2 42
2 20 1 1 27 1 22
2 9 1 2 49 1 46
2 9 1 2 49 2 49
2 11 1 1 40 1 30
2 9 1 1 44 1 63
2 4 1 1 44 1 44
3 9 2 1 41 1 23
3 5 2 1 41 1 41
3 9 2 1 38 1 23
3 5 2 1 38 1 41
1 19 1 2 12 1 25
2 9 1 1 31 1 31
1 3 2 1 19 1 19
1 3 2 1 34 1 19
1 11 1 2 13 2 43
2 9 1 1 49 1 46
1 8 1 2 23 1 39
3 4 1 1 26 1 26
3 9 1 1 26 1 42
1 5 1 1 27 1 27
2 8 1 1 40 1 40
2 11 1 1 40 1 25
1 11 1 2 59 1 41
2 9 1 1 24 1 19
2 5 1 1 24 1 24
2 9 1 2 32 2 32
1 11 1 2 44 1 63
1 11 1 2 47 1 33
1 11 1 1 28 1 23
1 9 1 1 26 2 75
2 8 1 1 49 1 49
1 9 1 1 25 1 25
1 11 1 1 56 1 39
1 3 1 2 22 1 20
1 2 1 1 25 1 25
2 9 1 1 44 1 34
2 2 1 1 44 1 44
2 5 1 2 51 2 51
2 9 1 2 51 1 40
1 5 1 1 30 1 30
2 21 1 1 32 1 41
2 5 1 1 32 1 32
2 9 1 2 18 1 49
2 2 1 1 32 1 32
2 9 1 2 26 1 64
1 11 1 2 46 1 52
1 9 1 1 15 1 40
1 9 1 2 40 1 27
1 8 1 2 25 1 80
2 8 3 1 53 1 50
2 8 3 1 58 1 50
2 8 3 1 50 1 50
1 9 1 2 53 2 40
2 11 1 2 34 1 29
2 8 1 1 31 1 82
2 5 1 1 31 1 31
2 2 1 2 27 2 27
2 9 1 1 28 2 37
2 5 1 1 43 1 43
2 8 1 1 43 1 61
2 8 1 1 62 1 62
1 11 2 1 25 1 41
1 11 2 2 26 1 41
2 9 1 2 23 2 31
1 11 1 1 55 1 29
1 11 1 1 72 1 52
1 9 1 1 12 1 39
1 11 1 2 72 1 44
2 9 1 2 26 1 31
2 3 1 2 27 2 27
2 11 1 1 26 1 47
1 5 1 1 25 1 25
1 11 1 2 57 1 38
2 2 1 1 31 1 31
2 8 1 1 31 1 61
2 21 1 1 54 1 29
2 8 1 1 54 1 54
2 10 1 1 36 1 22
2 2 1 1 36 1 36
1 9 1 2 51 1 45
1 9 1 1 34 2 27
2 9 1 1 26 1 26
1 9 1 1 18 1 18
2 11 1 2 60 1 38
2 8 1 2 60 1 48
2 9 1 1 22 1 28
2 3 1 1 22 1 22
2 9 1 1 65 1 65
2 9 1 1 65 1 27
2 9 1 2 27 2 27
2 3 1 1 20 1 20
2 5 1 1 34 1 34
2 11 2 2 32 1 32
2 11 2 2 46 1 32
2 3 1 1 35 1 35
2 9 1 1 28 1 41
2 2 1 1 30 1 30
1 5 1 1 26 1 26
2 9 1 1 52 1 76
2 9 1 2 37 1 31
1 9 1 2 35 2 49
2 11 4 2 52 1 54
2 11 4 2 52 1 22
2 11 4 2 22 1 54
2 11 4 2 22 1 22
2 11 4 1 46 1 54
2 11 4 1 46 1 22
2 11 4 2 31 1 54
2 11 4 2 31 1 22
2 5 1 2 31 2 31
3 3 2 1 44 1 44
3 3 2 1 67 1 44
1 11 1 2 32 1 55
2 5 1 1 29 1 29
2 8 1 1 34 1 56
1 9 1 1 24 1 45
2 9 2 1 28 1 38
2 9 2 1 38 1 38
1 11 1 2 49 1 49
1 11 1 1 35 1 47
1 19 1 2 17 1 33
2 3 1 1 24 1 24
2 9 1 1 26 1 50
2 9 1 1 40 1 40
1 9 1 1 34 1 23
1 9 1 1 21 1 46
2 9 1 1 37 1 39
1 9 1 2 41 1 26
2 9 1 2 28 1 32
2 8 2 1 45 1 63
2 8 2 1 63 1 63
2 9 1 2 46 1 36
1 11 1 1 20 1 30
1 3 1 2 26 1 24
1 11 1 2 50 1 67
1 5 1 1 39 1 39
2 9 1 1 47 1 47
1 8 1 1 23 1 35
2 5 1 1 41 1 41
2 19 1 1 41 1 21
2 3 1 1 22 1 22
2 3 1 1 37 1 37
2 9 1 1 32 1 49
2 5 1 1 40 1 40
2 19 1 1 39 1 28
2 9 1 2 34 1 38
2 9 1 1 42 1 20
1 8 1 1 35 1 56
1 3 2 1 37 1 37
1 3 2 2 56 1 37
2 5 1 1 27 1 27
2 20 1 1 27 1 32
2 3 1 1 23 1 23
2 9 3 1 22 2 21
2 8 3 1 22 1 46
2 9 3 1 21 2 21
2 8 3 1 21 1 46
2 9 3 1 47 2 21
2 8 3 1 47 1 46
1 11 1 2 78 1 57
1 9 1 2 67 1 59
2 3 1 1 34 1 34
2 2 1 2 19 2 19
4 9 1 2 18 1 18
3 9 1 2 51 2 51
3 9 1 2 51 1 34
3 9 1 2 51 2 36
2 8 1 2 28 1 41
2 9 1 2 39 1 37
2 5 1 1 40 1 40
2 9 1 1 40 1 84
2 9 1 2 47 2 47
2 19 1 2 47 1 47
1 11 1 2 28 1 44
2 9 1 2 35 1 37
2 8 1 2 35 1 52
1 9 1 1 20 1 20
2 8 1 2 50 1 65
2 9 2 1 50 1 46
2 9 2 2 20 1 46
1 19 1 1 60 1 41
2 9 1 2 26 2 26
2 3 1 1 36 1 36
2 21 1 1 36 1 38
2 8 1 1 36 1 36
1 11 1 1 69 1 33
1 11 2 1 22 1 33
1 11 2 1 22 1 33
2 9 1 1 24 1 24
2 9 1 1 24 2 34
2 9 1 1 19 1 45
2 3 1 1 36 1 36
2 2 1 1 42 1 42
2 8 1 1 42 1 69
2 19 1 1 38 1 51
2 8 1 1 38 1 38
2 11 1 1 65 1 37
2 4 1 1 26 1 26
2 3 1 1 26 1 26
2 8 1 1 26 1 34
2 3 1 2 29 1 29
2 9 1 1 36 1 43
1 3 1 2 36 2 36
1 11 1 2 23 1 63
2 11 1 1 57 1 31
3 9 1 1 13 1 46
3 4 1 1 13 1 29
2 8 1 1 30 1 48
2 9 1 1 30 1 30
2 9 1 1 23 1 59
2 2 1 1 33 1 33
2 21 1 1 22 1 59
2 9 1 1 22 1 22
2 8 2 2 32 1 46
2 8 2 2 43 1 46
2 19 1 1 38 1 34
2 9 1 2 40 2 40
1 8 1 1 57 1 29
2 5 1 1 37 1 37
2 2 1 1 33 1 33
2 9 1 1 42 2 35
2 3 1 1 42 1 42
2 19 1 1 49 1 26
1 11 1 1 68 1 42
1 8 1 2 12 1 47
2 2 1 1 26 1 26
2 9 1 1 26 1 46
2 9 1 1 19 1 35
1 9 1 1 44 2 72
2 3 1 1 36 1 36
2 9 1 1 36 1 48
2 11 3 1 52 1 58
2 11 3 1 45 1 58
2 5 1 1 58 1 58
1 11 1 2 82 1 38
2 9 1 2 26 1 34
2 9 1 2 59 1 42
1 11 1 1 21 1 44
2 11 1 2 70 1 38
1 19 1 1 54 1 57
1 9 2 2 20 2 20
1 9 2 1 46 2 20
1 11 1 1 47 1 37
2 9 1 1 17 1 55
2 8 4 1 35 1 37
2 8 4 1 37 1 37
2 8 4 1 31 1 37
2 8 4 1 32 1 37
3 9 1 1 38 1 55
3 9 1 1 38 1 43
2 9 2 2 14 1 36
2 3 2 2 14 2 26
2 9 2 2 26 1 36
2 3 2 2 26 2 26
2 9 1 2 25 1 36
2 2 1 2 25 2 25
1 5 1 2 34 1 33
2 11 1 2 60 1 31
2 21 1 1 47 1 34
1 11 1 1 27 1 45
2 8 1 1 21 1 63
2 9 2 1 38 1 38
2 9 2 1 41 1 38
2 9 1 2 20 1 39
2 9 1 2 20 1 21
2 9 1 2 25 1 36
2 19 1 1 52 1 53
2 9 2 1 29 1 29
1 11 1 1 69 1 38
2 9 1 2 41 2 41
2 5 1 1 32 1 32
1 9 1 1 49 1 29
2 9 1 1 37 1 37
2 9 2 2 27 2 27
2 9 2 2 27 1 50
2 9 2 2 55 2 27
2 9 2 2 55 1 50
2 9 1 1 26 2 36
2 5 1 1 53 1 53
3 19 1 2 29 1 44
3 9 1 2 29 2 29
3 11 1 2 29 1 35
2 5 1 1 42 1 42
2 9 1 1 24 1 24
2 4 1 1 39 1 39
2 9 1 1 25 2 27
1 11 1 2 48 1 48
1 11 1 2 33 1 54
2 9 2 1 31 1 31
2 9 2 1 45 1 31
1 8 1 1 51 1 51
1 5 1 1 34 1 39
2 3 1 1 33 1 33
2 11 2 1 91 1 29
2 11 2 2 89 1 29
1 11 1 1 27 1 48
2 9 1 2 50 2 50
2 8 1 2 37 1 61
2 3 1 1 27 1 27
1 3 3 1 41 1 41
1 3 3 2 58 1 41
1 11 1 2 44 1 37
1 8 1 1 26 1 58
2 8 1 1 34 1 40
2 5 1 1 28 1 28
2 9 1 1 47 1 47
2 5 1 1 41 1 41
1 20 1 2 14 1 45
2 9 1 1 37 1 37
1 11 1 2 61 1 56
2 3 1 1 26 1 26
1 5 1 1 35 1 35
1 4 2 1 25 1 25
1 4 2 1 32 1 25
2 19 1 1 31 1 33
2 3 1 1 29 1 29
2 9 1 1 28 1 28
2 2 1 1 28 1 24
2 9 1 1 37 1 38
1 11 2 2 60 1 35
1 11 2 1 60 1 35
1 9 1 1 22 1 22
2 19 3 2 89 1 55
2 19 3 1 76 1 55
2 4 1 1 27 1 27
1 11 1 2 12 1 33
1 3 1 1 31 1 28
2 9 1 1 30 1 36
2 5 1 1 30 1 30
1 9 1 1 24 1 24
1 11 2 2 57 1 40
2 11 1 1 34 1 29
2 9 1 1 11 1 34
1 11 1 1 26 1 30
1 11 1 2 47 1 41
1 9 1 1 80 1 61
2 9 1 1 31 1 35
1 8 1 1 13 1 33
2 9 1 1 38 2 43
1 11 1 2 32 1 34
1 9 1 1 49 1 57
1 8 1 2 32 1 55
1 9 1 2 37 1 58
1 9 1 1 42 1 23
2 9 1 2 16 2 31
2 2 1 2 16 2 16
2 5 1 1 44 1 44
2 8 2 2 37 1 57
2 8 2 2 33 1 57
2 90 1 1 40 1 49
2 8 1 1 40 1 40
1 8 1 2 24 1 46
1 11 2 1 28 1 28
1 11 2 2 72 1 28
2 9 1 1 24 2 85
2 5 1 1 43 1 43
1 11 1 2 30 1 28
1 11 1 1 31 1 45
5 9 2 1 28 1 28
5 9 2 1 44 1 28
2 9 1 1 56 1 56
2 9 1 1 42 2 20
2 5 1 1 38 1 38
1 9 1 2 24 1 39
2 3 1 2 44 2 44
2 11 1 2 44 1 41
1 11 1 2 83 1 40
2 9 1 1 28 1 48
2 11 1 1 61 1 38
1 9 1 1 84 1 54
2 11 1 1 56 1 38
2 4 1 1 56 1 56
2 9 1 1 32 1 53
2 19 1 1 39 1 39
1 8 1 2 67 1 76
2 11 1 1 34 1 49
2 11 1 1 34 1 26
1 5 1 2 48 1 30
2 8 2 1 38 1 38
2 11 2 1 38 1 29
2 8 2 1 29 1 38
2 11 2 1 29 1 29
2 9 1 2 32 1 34
1 11 1 2 51 1 50
2 8 1 2 47 1 44
2 11 1 2 47 1 31
2 9 1 1 41 1 27
2 9 2 2 42 2 44
2 9 2 2 42 2 41
2 9 2 2 41 2 44
2 9 2 2 41 2 41
2 9 1 2 63 1 26
2 11 1 1 22 1 49
1 9 1 1 23 1 24
2 9 1 1 43 1 43
3 9 1 1 34 1 34
2 9 1 2 30 2 30
3 5 1 2 35 2 35
2 4 1 1 42 1 42
2 5 1 1 36 1 36
2 9 1 1 36 1 45
2 9 1 1 31 1 31
2 9 1 1 49 1 49
1 11 1 2 71 1 42
1 11 1 2 50 1 51
1 11 1 2 71 1 52
1 11 1 2 29 1 44
2 9 1 2 37 2 37
2 19 1 2 37 1 30
2 9 1 1 40 1 40
1 9 1 1 24 2 30
2 9 1 2 23 1 39
2 9 1 2 24 1 40
1 11 1 2 31 1 51
1 9 1 1 93 1 32
2 9 1 1 34 2 41
2 19 1 1 39 1 41
2 19 1 1 24 1 30
2 3 1 1 30 1 30
2 9 1 1 30 1 53
2 9 1 1 41 1 41
2 19 1 1 41 1 55
1 9 1 2 28 1 56
2 9 1 1 31 1 40
2 19 1 2 42 2 42
1 9 1 2 62 1 29
2 9 1 1 16 1 45
2 2 1 1 16 1 16
2 19 1 1 19 1 34
2 3 1 1 31 1 31
2 19 1 1 31 1 36
3 9 1 1 38 1 38
2 9 1 2 57 2 57
2 9 1 2 57 1 27
2 8 2 2 39 1 38
2 9 2 2 39 1 31
2 8 2 2 37 1 38
2 9 2 2 37 1 31
2 3 1 1 37 1 37
2 3 1 1 31 1 31
2 20 1 2 20 1 34
1 5 1 1 47 1 47
1 11 1 2 48 1 39
2 8 1 1 26 1 61
2 9 1 1 26 1 42
2 5 1 1 27 1 27
2 9 1 1 27 1 35
4 9 3 1 32 1 47
4 19 3 1 32 1 32
4 21 3 1 32 1 37
4 9 3 1 34 1 47
4 19 3 1 34 1 32
4 21 3 1 34 1 37
4 9 3 1 44 1 47
4 19 3 1 44 1 32
4 21 3 1 44 1 37
1 11 1 1 54 1 35
2 9 1 1 33 1 33
2 4 1 2 39 2 39
1 9 1 1 66 2 28
1 9 2 2 16 1 23
1 9 2 1 24 1 23
2 3 1 1 35 1 35
2 5 1 1 28 1 28
2 9 1 1 28 1 44
1 9 3 2 22 1 26
1 9 3 1 20 1 26
1 9 3 1 32 1 26
4 9 1 1 48 1 48
4 9 1 1 48 1 29
4 9 1 1 48 2 28
2 9 2 2 41 2 41
1 11 1 1 49 1 63
2 8 1 1 32 1 56
1 11 1 2 67 1 28
2 19 1 1 32 1 32
2 9 1 1 32 1 37
2 2 1 1 54 1 54
2 3 1 1 54 1 26
2 9 1 2 48 2 48
1 9 1 1 84 2 22
2 8 2 1 44 1 44
2 8 2 1 31 1 44
1 11 1 1 20 1 25
1 3 1 1 11 1 31
2 9 1 1 19 1 27
2 9 2 2 40 1 25
2 9 2 1 44 1 25
3 9 1 2 54 2 54
3 9 1 2 54 1 24
2 9 1 1 44 1 44
2 5 1 2 37 2 37
2 19 1 1 51 1 51
2 9 1 1 48 1 56
2 19 1 1 25 1 27
2 9 1 2 25 1 61
2 8 1 1 17 1 55
2 9 1 1 52 1 52
2 9 1 2 34 2 34
2 11 1 1 20 1 50
2 9 1 2 24 2 24
2 3 1 2 19 2 19
2 3 1 1 17 1 17
1 19 1 2 2 1 43
2 9 1 2 29 1 44
1 5 1 1 31 1 34
1 11 1 2 35 1 29
1 3 1 1 32 1 28
3 3 1 1 32 1 32
2 9 1 1 26 1 30
2 9 1 2 9 1 63
2 2 1 1 30 1 30
2 9 1 1 30 2 51
2 3 1 1 30 1 30
2 9 1 1 44 1 44
1 9 1 1 81 1 27
2 19 1 1 56 1 56
2 9 1 1 56 1 47
2 9 1 1 33 1 25
2 5 1 1 33 1 33
2 8 1 1 32 1 47
2 5 1 1 32 1 32
3 11 2 1 25 1 26
3 11 2 2 49 1 26
2 4 1 1 27 1 27
1 5 1 2 44 1 53
2 2 1 1 34 1 34
2 9 1 1 34 1 30
2 19 1 2 21 1 41
2 2 1 1 32 1 32
2 2 1 1 19 1 19
2 9 1 1 19 1 42
2 5 1 1 30 1 30
2 5 1 1 36 1 36
1 11 1 2 70 1 43
1 11 1 2 68 1 58
2 9 1 1 24 1 53
1 11 1 2 22 1 53
2 9 1 1 73 1 73
1 9 1 2 67 2 38
2 9 1 2 47 2 47
2 19 1 2 47 1 27
2 9 2 2 18 2 18
2 9 2 2 30 2 18
2 2 1 1 18 1 18
2 9 1 1 18 1 59
2 11 1 1 51 1 51
2 19 1 1 51 1 32
2 9 1 2 47 1 29
2 9 2 2 21 1 20
2 9 2 1 20 1 20
2 2 1 1 52 1 52
2 9 1 1 52 1 74
2 9 2 1 29 1 29
2 8 1 1 27 1 33
2 5 1 1 27 1 27
2 9 1 1 41 1 35
2 9 1 1 21 1 21
2 9 1 1 21 1 38
1 5 1 2 46 1 43
2 9 1 1 44 1 58
2 11 3 1 59 1 59
2 11 3 2 53 1 59
2 11 3 1 28 1 59
2 8 1 1 34 1 46
1 8 1 1 29 1 28
1 11 1 1 20 1 37
2 5 2 1 29 1 29
2 5 2 2 26 1 29
2 3 1 1 42 1 42
2 19 1 1 24 1 33
2 3 1 2 28 2 28
1 8 1 1 25 1 36
1 2 1 2 44 2 44
2 3 1 2 18 2 18
2 21 1 1 24 1 31
2 9 1 1 47 1 45
2 9 1 1 26 1 32
1 11 1 1 53 1 52
3 3 1 1 29 1 29
2 4 1 1 23 1 23
2 8 1 1 23 1 49
1 9 1 1 20 1 46
2 19 1 1 64 1 43
2 9 1 1 25 1 25
2 9 1 1 50 1 41
2 9 1 2 58 2 58
2 9 1 2 58 1 46
2 9 1 1 45 1 21
2 9 1 1 45 1 45
1 3 1 1 8 1 25
2 19 1 1 26 1 26
2 9 1 1 26 1 73
2 5 1 1 56 1 56
2 9 1 1 56 1 30
1 11 1 2 73 1 44
2 3 1 1 26 1 26
2 9 1 1 26 1 31
1 3 2 1 31 1 31
1 5 1 1 17 1 27
2 19 1 1 36 1 19
2 3 1 1 36 1 36
2 3 1 2 20 2 20
2 9 1 2 20 1 25
2 9 1 2 57 1 58
2 5 1 1 29 1 29
1 9 1 1 27 1 42
2 9 1 2 49 1 41
2 9 1 2 32 2 32
2 9 1 1 51 1 51
2 9 1 1 28 1 31
2 5 1 1 28 1 28
2 9 1 2 33 2 34
2 21 4 1 30 1 29
2 21 4 1 31 1 29
2 21 4 1 31 1 29
1 9 1 2 34 1 40
2 5 1 1 54 1 54
2 9 1 1 54 1 36
2 9 1 1 25 2 49
2 8 1 1 25 1 34
2 9 1 1 33 1 38
2 9 1 1 24 1 30
2 11 2 1 20 1 35
2 9 2 1 20 2 53
2 11 2 2 53 1 35
2 9 2 2 53 2 53
2 4 1 1 31 1 31
2 9 1 2 38 2 38
1 11 1 2 72 1 46
2 9 1 1 40 1 41
2 4 1 1 40 1 40
2 9 1 2 29 1 24
2 9 1 1 30 1 30
2 9 1 1 30 1 25
3 5 1 1 23 1 23
2 9 1 1 57 1 34
2 9 1 1 37 1 37
2 19 1 1 37 1 43
2 20 1 1 38 1 46
2 9 1 1 38 1 38
1 9 1 2 27 2 41
1 9 1 2 43 1 46
2 4 1 1 44 1 44
1 11 1 1 4 1 43
2 19 1 1 24 1 40
1 9 1 1 25 1 25
1 9 1 2 21 1 34
1 9 1 2 67 2 67
2 5 1 1 36 1 36
2 9 1 1 36 1 53
2 9 1 1 33 1 40
2 5 1 1 41 1 41
2 9 1 1 41 1 27
1 11 1 1 24 1 34
2 21 1 2 28 1 46
2 9 1 1 37 1 33
2 5 1 1 37 1 37
1 9 1 2 25 1 28
2 3 1 1 21 1 21
2 9 1 1 21 1 58
2 4 1 1 28 1 28
1 3 1 1 70 1 70
2 3 1 1 33 1 33
2 11 1 1 32 1 39
2 5 1 1 31 1 31
2 9 1 1 20 1 39
1 11 1 2 48 1 38
1 11 2 1 32 1 53
1 11 2 2 46 1 53
1 9 1 1 14 2 47
1 9 1 1 27 2 45
1 9 1 1 79 1 24
1 11 1 1 27 1 52
1 9 1 1 28 2 29
1 9 1 2 22 1 72
1 19 1 2 12 1 44
2 8 1 1 30 1 54
2 5 1 1 15 1 36
1 11 1 2 24 1 33
2 9 1 1 29 1 44
2 2 1 1 38 1 38
2 4 2 1 44 1 44
1 9 1 1 12 2 41
1 9 1 1 43 2 35
2 9 1 1 31 1 31
2 9 1 1 35 1 57
1 11 1 2 33 1 48
2 9 1 2 44 2 44
2 9 1 2 24 1 63
2 9 1 2 24 1 45
2 9 1 2 42 2 42
2 4 2 1 18 1 31
2 3 2 1 18 1 18
2 4 2 2 39 1 31
2 3 2 2 39 1 18
2 9 1 2 30 2 30
2 9 1 1 37 1 37
2 9 1 1 43 1 43
2 11 1 2 23 1 60
1 11 1 2 55 1 42
1 8 1 1 53 2 37
2 9 1 2 31 1 44
2 2 1 1 17 1 17
2 3 1 2 19 2 19
2 9 1 2 19 1 43
2 2 1 1 22 1 22
2 9 1 1 37 1 38
1 3 1 2 30 2 40
2 9 1 1 14 2 35
3 4 1 2 39 2 39
2 19 1 1 36 1 40
2 5 1 1 26 1 26
2 9 1 1 26 1 37
2 9 1 2 22 2 22
2 9 1 2 22 1 32
1 3 1 1 23 1 39
2 3 1 2 34 2 34
2 9 1 2 34 1 29
2 21 1 1 24 1 34
1 8 1 1 49 1 56
2 9 2 1 39 1 41
2 9 2 1 41 1 41
1 11 1 2 24 1 49
2 9 1 2 25 2 25
2 5 1 1 20 1 20
2 10 1 1 20 1 59
2 9 1 2 34 2 32
3 9 1 2 34 2 34
3 9 1 2 34 2 28
3 9 1 1 38 1 56
3 9 1 1 38 1 38
3 9 1 1 38 2 39
2 9 1 1 28 1 37
2 9 1 1 41 1 32
2 9 1 2 22 1 43
2 9 1 2 64 2 55
2 9 1 2 64 2 64
2 3 1 1 20 1 20
2 9 1 1 20 1 58
2 19 1 2 25 1 25
2 9 1 2 25 2 25
2 9 2 1 31 1 31
2 9 2 1 31 1 35
2 9 2 1 35 1 31
2 9 2 1 35 1 35
2 9 1 2 61 1 32
2 9 1 2 61 1 62
1 11 1 1 54 2 25
1 3 1 1 40 1 35
2 5 1 1 27 1 27
2 9 1 1 27 1 32
1 2 1 1 46 1 26
2 9 1 2 28 1 77
2 9 1 1 25 2 55
1 9 1 1 44 2 34
1 9 1 1 25 2 40
1 19 1 2 14 1 20
2 5 1 1 37 1 37
2 9 1 1 37 1 37
2 11 1 1 57 1 27
2 19 1 1 57 1 54
2 9 1 1 30 1 30
1 9 1 1 60 1 26
2 11 1 2 54 1 36
1 9 1 1 56 1 62
1 11 1 2 30 1 48
2 5 1 1 31 1 31
2 9 1 1 50 1 23
2 11 1 1 51 1 51
2 19 1 1 40 1 36
1 8 1 2 21 1 34
2 9 1 2 41 2 41
2 3 1 2 41 1 22
2 9 1 1 58 1 58
3 9 2 1 39 1 23
3 9 2 1 39 1 23
2 4 1 1 26 1 26
2 9 1 1 26 2 27
2 9 1 1 31 1 31
2 9 2 1 45 1 45
1 11 1 2 67 1 32
2 9 1 1 14 1 40
1 9 2 1 55 1 55
1 9 2 2 34 1 55
1 9 1 1 80 1 32
2 5 1 1 40 1 36
2 9 1 1 28 2 41
2 4 1 1 28 1 28
2 9 3 1 57 1 57
2 9 3 1 57 1 20
2 9 3 1 20 1 57
2 9 3 1 20 1 20
2 9 1 1 36 2 42
2 3 1 1 32 1 32
2 9 1 2 39 1 30
2 9 1 2 39 2 39
3 9 1 2 32 2 30
2 3 1 1 35 1 35
2 9 1 1 35 1 51
2 11 1 1 33 1 59
2 9 1 2 46 2 31
2 5 1 1 41 1 41
2 9 1 1 41 2 34
2 21 1 2 23 1 38
3 9 1 2 23 1 30
1 3 1 1 45 1 45
1 8 1 1 31 1 56
2 9 2 1 50 1 50
2 11 2 1 50 1 38
2 9 2 1 26 1 50
2 11 2 1 26 1 38
2 9 1 1 29 2 58
2 9 1 1 34 1 22
2 2 1 1 34 1 34
2 9 1 2 27 1 24
2 9 1 1 35 2 52
1 8 1 1 25 1 55
2 9 1 1 26 2 29
2 4 1 1 26 1 26
2 11 2 2 11 1 51
2 11 2 2 8 1 51
2 9 1 2 54 1 55
2 9 1 1 41 1 41
1 11 1 2 60 1 53
2 5 1 1 49 1 49
2 9 1 1 49 1 32
2 3 1 1 32 1 32
2 5 1 1 46 1 46
2 19 1 1 29 1 35
2 3 1 2 20 2 20
2 8 1 2 20 1 37
3 8 1 1 39 1 39
2 9 1 2 29 2 29
2 21 1 2 29 1 48
2 5 1 1 35 1 35
2 9 1 1 35 1 58
2 5 1 1 41 1 41
2 9 1 1 41 1 42
2 9 2 1 53 1 53
2 9 2 1 53 1 26
2 9 2 1 26 1 53
2 9 2 1 26 1 26
2 8 1 1 33 1 79
2 9 1 1 31 2 29
2 3 1 1 23 1 23
2 9 1 1 23 1 40
2 9 1 1 42 1 20
2 11 1 2 22 1 40
2 9 1 1 27 1 41
3 9 1 1 65 1 65
1 8 1 1 34 1 55
3 20 1 1 30 1 59
3 9 1 1 30 1 30
3 9 1 1 30 1 58
2 5 1 1 41 1 41
2 19 1 1 41 1 33
2 9 1 2 37 1 53
2 5 1 2 37 2 37
1 11 1 2 29 2 29
2 3 1 1 25 1 25
2 8 1 1 22 1 61
2 9 1 1 22 1 22
2 2 1 1 47 1 47
2 19 1 1 47 1 20
1 11 2 2 20 1 54
1 11 2 2 67 1 54
2 5 1 1 22 1 22
2 9 1 1 49 1 36
2 9 1 1 30 1 26
2 3 1 1 30 1 30
2 9 1 1 38 1 38
2 9 1 1 38 1 50
2 11 1 2 63 1 26
3 21 1 1 42 1 26
3 20 1 1 42 1 42
3 9 1 1 30 1 45
3 5 1 1 30 1 30
3 9 1 1 30 2 41
2 2 1 2 28 2 28
2 20 1 1 25 1 42
1 9 1 2 36 1 73
1 4 1 1 33 1 28
2 8 1 2 24 1 47
2 5 1 2 24 2 24
4 9 1 1 59 1 59
2 9 1 1 21 1 21
2 9 1 1 21 1 40
2 9 2 2 46 1 39
2 9 2 1 39 1 39
2 9 2 1 24 1 24
2 9 2 1 24 2 38
2 9 2 1 12 1 24
2 9 2 1 12 2 38
2 5 1 1 32 1 32
2 9 1 1 28 1 41
2 9 1 2 43 2 43
2 9 1 2 43 1 31
2 8 1 2 32 1 74
2 9 1 2 28 2 48
2 9 1 1 41 1 55
2 9 1 1 31 1 31
1 8 1 2 49 1 59
1 11 1 2 77 1 35
2 9 1 2 42 2 42
2 9 1 1 40 1 42
2 5 1 1 40 1 40
2 21 1 1 20 1 47
1 9 1 1 36 1 57
2 4 1 1 33 1 33
2 9 1 1 33 1 21
3 5 1 1 48 1 48
2 3 1 2 25 2 25
2 20 1 2 51 1 44
1 20 1 1 26 1 54
2 3 1 1 35 1 35
1 11 1 1 47 1 37
2 9 1 1 34 1 38
2 9 1 2 24 1 27
2 4 1 2 24 1 25
2 11 1 1 35 1 33
2 9 1 2 42 2 42
1 3 1 1 17 1 17
1 11 1 1 41 1 47
3 11 1 1 45 1 64
1 2 1 2 29 2 29
2 11 1 1 37 1 25
1 8 1 1 9 1 61
2 8 2 1 60 1 60
2 9 2 1 60 1 44
2 8 2 1 44 1 60
2 9 2 1 44 1 44
1 5 1 2 55 1 38
4 8 1 1 31 1 50
4 5 1 1 31 1 31
2 9 1 1 53 1 35
2 9 1 1 53 1 53
2 19 1 1 33 1 45
2 11 1 2 13 1 43
2 9 1 1 45 1 43
2 3 1 1 52 1 52
2 9 1 2 28 1 31
1 11 3 2 53 1 45
1 11 3 2 28 1 45
1 11 3 2 52 1 45
1 11 1 2 44 1 54
1 11 1 1 65 1 52
2 19 1 2 58 1 28
2 11 1 2 58 1 50
3 9 2 2 28 2 28
3 3 2 2 28 1 21
3 9 2 1 21 2 28
3 3 2 1 21 1 21
2 9 1 1 49 1 49
1 11 1 2 68 1 31
2 2 1 1 17 1 17
1 8 1 1 45 1 69
1 9 1 1 38 1 19
2 9 1 1 38 2 25
2 9 1 1 31 1 31
2 9 1 2 50 1 34
2 9 1 1 21 1 52
2 3 1 1 21 1 21
1 9 1 2 27 1 42
1 3 2 1 63 1 63
1 3 2 1 42 1 63
2 9 1 1 32 1 23
3 9 1 1 34 2 51
3 9 1 1 34 2 23
2 9 1 1 46 1 46
2 2 1 1 59 1 59
2 19 1 1 25 1 25
2 9 1 1 41 1 25
1 8 1 2 22 1 46
2 9 1 1 29 1 30
1 11 1 2 57 1 44
2 9 1 2 22 2 22
1 9 1 1 28 1 39
1 11 1 1 76 1 54
1 3 2 1 63 1 41
1 3 2 1 41 1 41
3 9 1 1 24 1 29
2 8 1 2 49 1 38
2 4 1 1 25 1 25
2 9 1 1 25 2 38
2 19 1 1 39 1 25
2 3 1 1 39 1 39
1 9 1 2 41 1 23
2 9 1 1 23 1 39
2 9 1 1 38 1 35
1 9 1 2 32 1 71
2 9 1 2 45 2 45
1 11 1 1 2 1 23
1 11 1 2 62 1 40
1 11 1 2 35 1 58
2 19 1 1 25 1 38
2 9 1 1 26 2 46
2 20 2 1 37 1 37
2 20 2 1 25 1 37
1 9 1 1 25 2 55
2 11 1 1 59 1 53
1 9 1 1 25 1 30
2 9 1 1 27 1 30
2 5 1 1 27 1 27
2 9 1 1 21 1 21
1 9 1 1 5 1 31
2 9 1 1 19 2 37
2 9 1 2 44 1 53
2 9 1 2 26 2 30
1 9 1 1 43 1 50
1 5 1 1 54 1 54
2 3 1 1 41 1 41
2 9 1 1 32 2 59
2 9 1 1 32 1 27
2 8 1 1 32 1 32
2 5 2 1 30 1 30
2 5 2 2 28 1 30
2 4 1 1 23 1 23
2 9 1 1 32 1 36
1 11 1 2 58 1 28
4 9 1 2 65 2 57
2 11 1 1 45 1 33
2 19 1 2 49 1 25
2 9 1 2 49 2 25
1 19 1 1 23 1 25
2 5 1 1 26 1 26
2 9 1 1 26 2 45
1 2 1 2 21 1 22
2 19 1 1 23 1 61
2 4 1 1 23 1 23
2 11 1 2 31 1 54
2 5 2 1 32 1 32
2 19 1 1 43 1 43
1 9 1 2 18 1 30
2 9 1 1 27 1 42
2 9 1 1 31 2 40
2 8 1 2 21 1 52
2 9 1 2 21 2 21
2 8 2 1 42 1 42
2 9 2 1 42 2 33
2 8 2 2 33 1 42
2 9 2 2 33 2 33
2 9 1 2 19 1 37
1 9 1 1 23 1 36
2 5 1 1 46 1 46
2 9 1 2 47 2 47
2 8 1 2 47 1 31
1 9 1 2 35 1 40
3 9 2 1 22 2 42
3 9 2 1 29 2 42
2 3 1 1 42 1 42
2 3 1 1 18 1 18
2 9 1 1 18 1 32
2 9 1 1 43 1 43
2 21 1 1 43 1 56
1 9 1 2 60 1 24
1 9 1 1 70 1 37
1 19 1 1 79 1 38
1 11 2 1 20 2 42
1 11 2 2 42 2 42
2 19 1 1 31 1 38
3 5 1 2 32 2 32
2 9 1 1 25 2 39
2 5 1 1 25 1 25
2 9 1 2 33 1 56
2 9 1 1 39 1 30
2 8 1 1 48 1 48
1 19 1 2 45 1 41
2 9 1 2 29 2 29
2 9 1 2 29 1 62
2 9 1 2 33 1 33
2 9 1 1 23 1 69
2 9 1 1 23 1 23
2 9 1 2 75 2 75
2 9 1 2 75 1 32
2 9 1 1 40 1 40
3 9 1 2 34 2 62
3 8 1 2 34 1 66
3 5 1 2 34 1 44
2 9 1 1 48 1 23
2 9 1 2 39 2 31
2 9 1 1 19 1 21
2 9 1 1 19 1 43
1 5 2 2 50 1 23
1 5 2 1 23 1 23
1 8 1 1 47 1 44
2 5 1 1 32 1 32
2 19 1 1 21 1 26
1 9 1 2 12 1 22
2 5 1 2 37 1 31
1 9 1 2 13 1 48
2 9 1 2 35 2 35
1 2 2 1 31 1 31
1 2 2 2 21 1 31
2 3 1 1 42 1 42
2 20 2 1 59 1 55
2 20 2 2 21 1 55
1 11 1 1 53 1 44
2 19 1 1 33 1 40
2 3 1 1 33 1 33
2 9 2 2 18 2 18
2 11 2 2 18 1 49
2 9 2 1 49 2 18
2 11 2 1 49 1 49
1 5 1 1 50 2 22
3 9 1 2 36 1 36
2 9 1 1 26 1 19
3 9 1 2 41 1 40
3 9 1 2 41 2 41
1 20 1 1 27 1 51
2 5 1 1 29 1 29
2 8 1 1 29 1 34
2 5 1 1 31 1 31
2 9 1 1 28 1 43
2 9 1 1 39 1 45
2 3 1 1 39 1 39
1 9 1 2 30 1 41
2 8 1 1 37 1 54
2 11 1 2 45 1 26
2 5 1 1 42 1 42
2 9 1 1 42 1 23
2 10 2 1 25 1 22
2 9 2 1 25 1 38
2 10 2 1 25 1 22
2 9 2 1 25 1 38
2 9 1 1 29 2 75
2 3 1 1 29 1 29
2 3 1 1 40 1 40
2 5 2 1 21 1 21
2 9 2 1 21 1 38
2 5 2 1 22 1 21
2 9 2 1 22 1 38
2 8 1 1 17 1 61
1 9 1 1 55 1 35
2 8 1 2 19 1 43
2 3 1 1 39 1 39
3 9 2 1 58 1 58
2 9 1 2 23 1 20
2 9 1 2 23 1 20
2 5 1 1 28 1 28
2 11 1 1 28 1 46
1 11 1 1 21 1 46
1 19 1 1 12 1 36
2 5 1 1 43 1 43
2 9 1 1 43 2 29
1 11 1 2 53 1 46
2 5 2 1 47 1 47
2 5 2 1 33 1 47
2 9 1 1 57 1 53
2 2 1 1 50 1 50
2 19 1 1 21 1 23
2 3 1 1 28 1 28
2 9 1 1 28 1 56
3 9 1 2 5 1 35
1 11 1 2 41 1 60
2 9 1 1 47 1 27
2 9 1 1 52 2 29
3 5 1 1 30 1 30
3 9 1 1 30 1 35
3 9 1 1 30 2 35
2 9 1 1 25 1 27
2 11 1 1 34 1 36
2 3 1 2 23 2 23
2 9 1 2 23 1 31
2 11 1 2 48 1 38
2 9 1 2 26 1 41
2 21 1 1 18 1 31
2 5 1 1 26 1 26
2 9 1 1 71 1 71
2 9 1 1 71 1 29
2 9 1 1 41 1 41
1 4 2 1 31 1 31
1 4 2 2 23 1 31
1 9 1 1 25 1 34
2 9 2 1 38 1 58
1 5 1 1 32 1 32
2 9 1 2 30 1 37
2 3 1 1 17 1 17
2 9 1 1 17 1 47
2 9 1 1 38 1 38
2 9 1 2 41 1 34
2 11 1 1 56 1 39
1 11 1 1 54 1 62
2 5 1 1 35 1 35
2 9 1 1 35 2 42
2 2 1 1 34 1 34
2 9 1 1 40 1 28
2 9 1 1 40 1 40
2 9 1 1 24 1 24
1 3 1 1 39 1 39
1 5 1 1 15 1 33
2 9 1 1 21 1 22
2 8 1 2 21 1 63
2 9 2 2 34 2 34
1 3 2 1 33 1 33
2 9 1 2 32 2 30
1 9 1 2 45 1 67
1 4 2 2 23 1 30
1 4 2 1 30 1 30
4 9 1 2 48 2 48
4 9 1 2 48 2 35
4 9 1 2 48 1 35
4 9 1 2 48 1 24
1 11 1 1 1 1 32
2 9 1 2 53 2 53
2 19 1 1 17 1 21
2 9 1 1 40 1 40
2 20 1 1 40 2 57
1 5 1 1 39 1 39
1 9 1 1 26 1 26
1 5 1 1 34 1 31
2 8 1 1 46 1 46
2 9 1 2 61 2 61
1 9 1 1 26 1 26
2 9 1 2 28 1 51
1 11 1 2 70 1 26
2 9 1 1 56 1 32
2 9 1 1 24 1 23
2 11 1 1 29 1 45
1 2 1 1 46 1 46
2 9 3 2 22 2 64
2 9 3 2 26 2 64
2 9 3 2 45 2 64
2 19 1 1 18 1 18
1 5 2 1 30 1 30
1 5 2 2 31 1 30
2 3 1 1 41 1 41
2 9 1 1 41 1 35
2 9 3 2 34 2 31
2 9 3 2 19 2 31
2 9 3 2 31 2 31
2 3 1 1 37 1 37
2 9 1 1 24 1 42
2 5 1 1 24 1 24
2 9 1 2 33 2 33
2 9 2 2 36 2 36
2 9 2 2 36 2 38
2 9 2 1 5 2 36
2 9 2 1 5 2 38
2 9 1 1 19 2 19
1 5 1 1 43 1 43
2 21 1 2 27 2 65
3 9 4 1 30 1 30
3 9 4 1 30 2 25
3 9 4 2 25 1 30
3 9 4 2 25 2 25
3 9 4 1 63 1 30
3 9 4 1 63 2 25
3 9 4 2 63 1 30
3 9 4 2 63 2 25
3 9 5 2 41 1 32
3 9 5 1 37 1 32
3 9 5 1 45 1 32
3 9 5 1 55 1 32
3 9 5 1 32 1 32
2 5 1 1 33 1 33
2 9 1 1 33 1 54
2 9 1 1 27 1 27
1 11 1 2 37 1 62
2 2 1 2 38 2 38
2 8 2 1 47 1 53
2 8 2 1 53 1 53
1 9 1 1 15 1 33
2 11 3 1 47 1 31
2 11 3 2 29 1 31
1 9 1 1 19 2 39
1 11 1 1 33 1 40
2 8 1 1 52 1 52
2 8 1 1 52 1 47
1 9 1 2 25 2 37
2 3 1 1 25 1 25
2 9 1 2 45 2 45
2 9 1 1 28 1 32
2 9 1 1 17 1 30
2 9 1 1 33 1 71
2 9 1 2 39 2 39
1 11 1 2 44 1 43
2 3 1 1 20 1 20
2 9 1 1 20 2 46
2 9 1 2 53 2 53
1 9 1 2 32 2 33
2 9 1 1 29 1 62
1 11 1 2 77 1 34
2 4 1 1 27 1 27
1 11 1 1 68 1 57
2 9 1 1 40 1 40
2 3 1 2 30 2 30
3 19 1 1 54 1 40
2 9 1 2 41 2 35
2 21 1 2 41 1 55
1 19 1 2 19 1 27
1 11 1 1 63 1 59
2 9 1 1 26 2 40
2 9 1 2 26 2 26
3 19 1 1 22 1 37
2 11 1 2 82 1 41
1 11 1 1 50 1 47
2 9 1 2 28 2 39
2 3 1 2 28 2 28
2 9 3 2 44 1 19
2 11 3 2 44 1 35
2 9 3 2 8 1 19
2 11 3 2 8 1 35
2 9 3 2 44 1 19
2 11 3 2 44 1 35
2 9 1 1 48 1 20
2 9 1 1 48 1 48
2 9 1 1 34 1 37
2 3 1 1 54 1 54
3 9 1 1 14 1 66
3 3 1 1 14 1 14
3 11 2 1 28 1 27
3 11 2 1 59 1 27
1 2 2 1 17 1 17
1 2 2 2 55 1 17
3 3 2 2 21 2 21
3 8 2 2 21 1 58
3 3 2 1 53 2 21
3 8 2 1 53 1 58
4 9 1 2 55 2 49
4 9 1 2 55 1 28
1 9 1 2 31 2 31
1 11 1 2 25 1 49
3 9 1 1 54 1 22
1 9 1 1 36 1 30
1 19 1 1 59 1 55
3 9 1 1 36 1 36
3 9 1 1 36 1 30
2 21 1 1 38 1 40
2 3 1 1 28 1 28
2 9 1 1 28 2 22
2 9 1 1 48 1 31
3 9 1 1 29 1 26
3 9 1 1 29 1 37
3 9 1 1 29 1 29
2 9 1 1 45 1 50
2 9 1 1 45 2 49
2 5 1 1 42 1 42
2 9 1 2 27 2 27
2 9 1 1 43 1 50
1 3 1 1 72 1 25
2 9 1 1 44 1 39
2 9 2 1 23 1 23
2 9 2 1 23 1 40
2 9 2 1 23 1 23
2 9 2 1 23 1 40
2 20 1 1 17 1 25
2 9 1 1 48 1 46
2 5 1 1 38 1 38
2 9 1 1 38 1 23
2 3 1 1 22 1 22
2 9 1 1 22 1 45
1 11 1 2 64 1 25
1 3 1 1 37 2 25
2 9 1 2 30 1 25
2 2 1 2 30 2 30
2 8 1 1 33 1 37
2 3 1 1 33 1 33
2 3 1 1 36 1 36
2 5 1 1 36 1 36
1 3 1 2 29 1 25
2 9 1 1 45 1 45
2 9 1 1 22 1 41
3 9 1 1 38 1 54
3 9 1 1 38 1 38
3 9 1 1 26 1 43
2 9 1 1 39 1 26
3 5 1 2 26 2 26
3 9 1 2 26 1 18
2 5 1 1 53 1 53
2 9 1 1 53 1 46
2 9 1 2 34 2 33
2 2 1 2 34 2 34
1 10 1 1 35 1 61
1 11 1 2 94 1 39
2 9 1 2 22 2 22
2 90 1 2 22 1 36
1 9 1 2 14 1 40
2 3 1 1 37 1 37
1 9 1 1 14 2 32
2 9 1 1 23 1 71
2 9 1 1 23 1 23
3 9 2 1 52 1 52
3 8 2 1 52 1 48
3 9 2 1 22 1 52
3 8 2 1 22 1 48
2 9 1 2 24 2 24
2 9 1 1 34 1 34
2 9 1 1 28 2 57
1 9 1 1 73 1 73
2 9 1 1 25 1 33
2 9 1 1 25 1 25
1 11 1 2 38 1 39
2 9 1 1 24 1 26
2 3 1 1 24 1 24
2 4 1 1 55 1 55
2 11 1 1 55 1 39
2 9 1 1 29 1 39
2 3 1 1 35 1 35
2 9 1 1 44 1 44
2 9 1 1 44 2 36
2 19 1 1 39 1 39
2 19 1 1 39 1 30
1 9 1 1 4 1 39
2 9 1 1 35 2 27
2 4 1 1 35 1 35
2 11 1 1 94 1 28
2 2 1 1 36 1 40
2 11 1 1 36 1 36
2 11 1 2 81 1 38
1 9 2 2 28 1 40
2 4 1 1 57 1 57
2 3 1 1 29 1 29
2 9 1 1 29 1 42
2 9 1 2 26 1 41
2 5 1 2 26 1 30
3 9 1 2 24 1 41
2 9 1 1 23 1 44
2 9 1 2 24 2 33
2 9 2 1 38 1 45
2 9 2 2 38 1 45
1 3 1 1 36 1 36
3 11 1 1 32 1 33
3 4 1 1 32 1 32
2 5 1 1 25 1 25
2 9 1 1 31 1 45
1 11 1 1 21 1 24
1 11 1 1 37 1 28
2 3 1 1 44 1 44
2 5 1 1 26 1 26
2 9 1 1 26 1 47
2 9 1 1 26 2 25
2 2 1 1 26 1 26
2 9 1 1 31 1 61
2 5 1 1 31 1 31
3 9 2 1 34 1 33
3 9 2 1 34 2 32
3 9 2 2 32 1 33
3 9 2 2 32 2 32
2 5 1 1 54 1 54
2 3 1 1 29 1 29
2 3 1 1 32 1 32
3 9 2 1 43 1 43
3 9 2 1 43 1 37
3 9 2 2 39 1 43
3 9 2 2 39 1 37
2 9 2 2 59 1 30
2 9 2 2 21 1 30
2 9 1 1 33 1 26
2 3 1 1 36 1 36
2 9 1 1 36 1 67
1 19 1 1 18 1 24
2 9 1 2 30 2 23
2 90 1 1 37 1 37
2 9 1 1 34 2 44
4 5 1 1 22 1 22
4 9 1 1 22 1 35
4 9 1 1 22 1 34
4 9 1 1 22 1 58
3 2 1 1 29 1 29
2 3 1 2 48 2 48
2 19 1 2 48 1 46
2 9 1 2 49 1 30
2 9 1 1 31 1 36
2 9 1 2 40 1 39
2 9 1 1 51 2 34
3 9 1 1 28 1 30
2 9 1 2 83 2 28
2 9 1 2 83 2 83
2 19 1 1 41 1 41
2 5 1 1 36 1 36
2 9 1 1 36 2 37
1 9 1 1 38 1 42
2 19 1 1 46 1 39
1 9 1 1 36 2 21
2 11 1 1 31 1 31
2 21 1 1 31 1 47
1 9 1 1 29 2 24
2 9 1 2 40 1 20
2 9 1 2 40 1 36
2 9 1 2 25 1 51
2 11 1 2 28 1 24
2 9 2 1 33 1 20
2 9 2 1 40 1 20
2 9 1 1 27 1 27
2 9 1 1 27 1 20
3 9 2 1 19 1 31
3 9 2 1 19 1 19
3 9 2 1 18 1 31
3 9 2 1 18 1 19
3 3 1 1 30 1 30
3 9 1 1 30 1 30
2 9 1 2 29 1 34
2 3 1 1 41 1 41
2 9 1 1 41 1 38
2 9 1 1 29 2 33
2 3 1 1 29 1 29
2 9 1 1 32 2 40
2 3 1 1 32 1 32
2 9 1 2 55 2 55
3 9 1 2 48 1 48
3 9 1 2 48 2 48
3 11 1 2 48 1 39
2 9 1 1 31 1 31
2 9 1 2 48 2 48
2 9 1 2 48 1 35
2 3 1 1 26 1 26
2 9 1 1 26 1 35
2 5 1 1 31 1 31
2 5 1 1 24 1 24
1 11 1 2 43 1 33
1 5 1 2 26 1 47
1 2 1 2 31 2 31
2 9 1 1 57 1 40
2 8 1 1 57 1 57
2 11 1 1 25 1 47
2 3 1 1 51 1 51
2 9 1 1 51 2 25
2 5 1 1 25 1 25
2 9 1 1 25 1 20
2 3 1 1 24 1 24
2 20 1 1 24 1 32
2 3 2 2 13 1 28
2 3 2 1 28 1 28
2 9 1 1 52 1 52
2 8 1 1 23 1 44
2 9 1 1 35 1 35
2 9 1 1 35 1 56
2 9 1 2 50 2 50
1 9 1 2 49 1 34
2 9 1 2 21 1 20
2 3 1 2 21 1 21
5 9 1 2 57 2 36
2 9 1 2 31 1 55
3 9 1 1 25 2 26
3 5 1 1 25 1 37
3 3 1 1 25 1 25
2 9 1 1 30 1 64
2 9 1 1 30 2 24
2 9 2 2 43 2 43
2 9 1 1 34 1 34
2 9 1 1 34 1 47
2 9 1 2 9 1 18
2 9 1 2 9 2 49
2 5 1 2 22 2 22
2 9 1 1 30 1 70
2 2 1 1 30 1 30
2 8 1 1 32 1 35
2 5 1 1 32 1 32
2 3 1 1 26 1 26
1 9 1 2 8 1 47
2 9 2 1 38 1 39
2 5 2 1 38 1 38
2 9 2 1 27 1 39
2 5 2 1 27 1 38
2 9 2 2 49 2 49
2 9 2 2 49 1 55
2 9 2 2 20 2 49
2 9 2 2 20 1 55
1 11 1 1 22 1 41
2 8 1 1 62 1 62
2 9 1 2 22 2 38
2 9 1 2 24 2 24
2 9 1 1 32 1 20
2 9 1 1 36 2 25
2 5 1 1 36 1 36
2 9 1 1 21 1 35
2 3 1 1 21 1 21
2 9 1 2 28 2 28
2 19 1 2 23 1 50
1 11 2 2 81 1 36
1 11 2 2 61 1 36
2 9 1 1 42 1 32
2 9 1 1 34 1 57
2 3 1 1 31 1 31
2 9 1 1 39 1 44
2 2 1 1 17 1 17
2 9 1 1 17 1 25
1 3 1 1 34 1 34
2 4 1 1 31 1 31
2 9 1 1 31 1 44
2 9 1 2 26 2 26
1 9 1 1 36 1 53
3 9 3 2 16 2 36
3 9 3 2 16 1 45
3 8 3 2 16 1 37
3 9 3 1 45 2 36
3 9 3 1 45 1 45
3 8 3 1 45 1 37
3 9 3 1 37 2 36
3 9 3 1 37 1 45
3 8 3 1 37 1 37
2 4 1 2 26 1 36
2 2 1 1 69 1 34
3 9 1 2 25 1 72
2 9 1 1 21 1 37
2 9 1 1 27 1 27
2 9 1 1 30 1 35
2 5 1 1 30 1 30
2 9 1 1 30 1 36
2 3 1 1 30 1 30
2 5 1 1 27 1 27
3 9 1 1 29 1 30
2 2 1 2 28 2 28
2 2 1 1 37 1 37
1 2 2 2 59 2 59
2 9 1 1 27 2 35
1 11 1 2 84 1 62
1 19 1 2 68 1 60
2 9 1 1 36 1 31
2 9 1 1 36 1 47
1 9 1 1 63 1 63
1 3 1 1 33 1 33
2 9 1 1 26 1 28
2 9 1 1 47 1 26
2 5 1 1 47 1 47
1 9 1 2 19 1 41
1 3 1 1 28 1 28
1 9 1 2 34 2 25
1 19 1 1 13 1 45
2 9 1 1 39 2 29
2 5 1 1 41 1 41
2 9 1 2 39 1 38
2 4 1 1 47 1 47
2 4 1 1 29 1 29
2 19 1 1 29 1 56
2 9 1 2 53 1 57
1 11 1 2 3 1 60
2 9 1 1 60 1 60
2 9 2 2 20 2 20
2 5 2 2 20 2 38
2 9 2 2 38 2 20
2 5 2 2 38 2 38
2 9 1 1 41 1 56
2 9 1 2 12 1 42
2 9 1 1 18 1 56
1 9 1 1 28 1 46
2 9 1 1 32 1 32
2 2 2 1 28 1 28
2 2 2 2 23 1 28
2 21 1 1 33 1 62
1 3 1 1 52 1 26
2 9 1 1 38 1 38
2 8 1 1 38 1 44
3 9 1 1 46 1 22
3 9 1 1 46 1 43
1 11 1 2 78 1 64
2 19 2 1 35 1 35
2 9 2 1 35 1 38
2 19 2 1 38 1 35
2 9 2 1 38 1 38
2 8 1 1 24 1 43
2 9 1 1 23 1 23
2 19 1 1 39 1 56
2 3 2 1 23 1 23
2 9 2 1 23 2 25
2 3 2 2 25 1 23
2 9 2 2 25 2 25
2 9 1 1 36 1 58
1 9 1 1 17 1 35
1 5 1 1 45 1 39
2 3 1 1 27 1 27
1 3 1 2 30 2 30
2 9 1 2 48 1 42
2 9 1 2 48 2 48
2 3 1 1 36 1 36
2 9 1 1 28 1 28
2 9 1 1 28 1 50
1 9 1 1 59 1 33
2 9 1 2 52 2 52
2 8 1 1 18 1 35
2 9 1 1 18 1 18
1 11 3 1 67 1 55
1 11 3 2 54 1 55
1 11 3 2 20 1 55
2 9 1 1 41 1 75
1 8 1 1 53 1 37
2 9 1 1 30 1 30
2 11 1 1 30 1 45
1 11 1 2 18 1 30
2 9 1 2 41 2 41
1 11 1 2 67 1 49
1 9 1 2 44 1 31
2 9 1 1 49 1 35
2 9 1 2 29 2 37
2 9 2 1 45 1 45
2 9 2 1 45 1 51
2 9 2 2 31 1 45
2 9 2 2 31 1 51
3 2 1 1 26 1 26
3 9 1 1 26 2 33
2 9 1 2 27 1 41
2 9 1 1 56 1 38
1 8 1 2 22 1 40
2 9 1 1 49 1 49
2 19 1 1 49 1 45
3 5 1 1 49 1 49
2 3 1 1 38 1 38
2 9 1 1 38 1 54
2 9 1 2 47 2 47
2 9 1 1 32 1 49
2 4 1 1 24 1 24
2 9 2 1 35 1 35
2 9 2 1 35 1 18
2 9 2 2 39 1 35
2 9 2 2 39 1 18
2 5 2 1 51 1 51
2 9 2 1 51 1 25
2 5 2 2 48 1 51
2 9 2 2 48 1 25
2 9 1 1 34 1 34
2 3 1 1 55 1 55
2 9 1 1 55 1 46
2 19 1 1 24 1 26
2 5 1 1 24 1 24
1 2 1 1 40 1 40
2 9 2 1 62 1 62
2 9 2 2 21 1 62
2 9 1 1 58 1 29
2 9 1 1 58 1 39
2 2 1 1 16 1 16
2 9 1 1 47 1 47
1 11 1 1 42 1 40
2 9 3 1 41 1 41
2 9 3 2 41 1 41
2 9 3 2 74 1 41
2 9 1 1 26 2 27
2 3 1 1 26 1 26
2 11 1 2 54 1 26
2 3 1 1 31 1 31
2 9 1 1 31 2 28
2 9 1 2 57 1 47
2 9 1 2 57 1 25
3 9 1 1 34 2 52
3 9 1 1 34 2 27
1 9 1 1 37 1 23
2 9 1 2 46 1 30
2 5 1 2 28 2 28
2 8 1 2 28 1 46
2 9 2 1 31 1 31
2 9 2 2 25 1 31
2 9 1 1 36 1 36
2 5 1 2 29 2 29
2 8 1 1 33 1 33
2 9 1 1 30 1 38
1 5 1 2 31 1 45
2 9 1 1 34 1 37
2 8 2 1 44 1 44
2 9 2 1 44 1 31
2 8 2 1 31 1 44
2 9 2 1 31 1 31
1 5 1 1 27 1 27
1 11 3 2 47 1 54
1 11 3 2 40 1 54
1 11 3 2 39 1 54
3 4 1 1 25 1 25
1 11 1 1 60 1 52
2 9 1 2 52 2 52
2 9 1 2 52 1 29
2 9 1 1 39 1 49
3 9 1 1 25 1 25
3 9 1 1 25 1 49
6 9 1 2 31 1 40
6 9 1 2 31 2 23
6 9 1 2 31 1 53
6 9 1 2 31 2 31
6 9 1 2 31 2 20
1 9 1 1 27 2 54
2 9 1 2 34 1 38
2 9 1 2 34 2 23
3 9 1 1 19 1 19
3 9 1 1 19 1 44
1 11 1 1 4 1 30
2 21 1 1 23 1 50
2 11 3 2 34 1 46
2 11 3 2 41 1 46
2 11 3 2 35 1 46
1 9 1 1 15 1 45
2 8 1 1 24 1 40
2 3 1 1 24 1 24
2 5 1 1 25 1 25
2 9 1 1 25 1 36
2 9 1 1 39 1 27
1 5 2 1 46 1 46
1 5 2 2 27 1 46
3 20 2 1 41 1 41
3 9 2 1 41 1 40
3 20 2 1 40 1 41
3 9 2 1 40 1 40
3 11 1 2 60 1 35
3 9 1 2 60 1 39
2 9 2 1 38 1 38
2 9 2 1 35 1 38
2 9 1 1 4 1 51
2 9 1 1 4 1 69
2 9 3 1 28 1 28
2 9 1 2 35 1 41
2 9 1 2 35 2 29
2 9 1 1 62 1 62
1 21 1 1 37 1 32
1 9 1 1 23 1 37
1 9 1 2 17 2 36
1 9 1 1 77 1 22
1 11 1 2 73 1 64
2 9 1 1 51 1 51
2 9 1 2 22 2 25
2 9 1 2 22 2 22
2 5 1 1 40 1 40
2 9 1 1 20 1 21
2 9 1 1 30 1 30
2 3 1 1 33 1 33
2 9 1 1 33 1 49
1 11 1 2 31 1 52
2 9 1 1 29 1 41
1 9 1 1 14 1 25
1 11 1 2 36 1 28
2 9 1 1 70 1 70
1 11 1 2 62 1 62
3 9 1 2 18 1 34
3 9 1 2 18 1 19
2 9 1 1 27 1 41
1 9 1 2 50 2 30
2 11 2 2 45 1 25
2 11 2 1 25 1 25
2 9 1 2 36 1 28
2 3 1 2 36 2 36
2 9 1 2 43 2 19
2 9 1 2 43 2 43
2 9 1 2 29 1 36
2 3 1 2 44 2 44
2 9 1 2 44 1 21
2 3 1 1 22 1 22
2 9 1 1 46 1 46
2 9 1 1 46 1 40
2 9 1 2 61 2 23
2 9 1 2 61 1 33
2 9 1 2 30 2 30
2 9 1 2 30 1 50
1 9 1 2 70 1 43
1 9 1 1 23 1 46
1 11 1 2 55 1 46
4 9 1 1 25 1 25
4 9 1 1 25 2 23
5 9 2 1 30 1 30
5 9 2 1 30 1 18
5 9 2 1 30 1 31
5 9 2 1 30 2 24
5 9 2 2 44 1 30
5 9 2 2 44 1 18
5 9 2 2 44 1 31
5 9 2 2 44 2 24
4 9 2 2 30 2 30
4 9 2 2 30 1 40
4 9 2 2 30 1 52
1 11 1 2 47 1 40
1 11 1 1 32 1 57
1 3 1 1 48 1 32
2 9 2 1 63 1 63
2 9 1 1 20 1 47
2 5 1 1 48 1 48
2 9 1 1 29 1 29
2 9 1 1 41 1 41
2 5 1 1 25 1 25
2 9 1 1 31 1 50
1 9 1 1 49 1 49
2 9 1 1 30 1 27
2 9 1 2 48 2 48
2 9 1 2 48 1 35
2 9 1 1 42 1 27
1 5 1 2 23 1 35
2 9 1 1 44 1 44
2 9 1 1 44 1 25
2 3 1 1 32 1 32
2 9 1 2 19 1 25
2 19 1 2 19 1 26
2 2 1 2 30 2 30
2 9 1 2 27 1 47
2 9 1 2 59 1 38
2 3 1 1 26 1 26
1 11 1 2 80 1 25
1 11 1 1 26 1 31
2 9 2 2 27 1 20
2 9 2 2 8 1 20
2 5 1 1 34 1 34
2 9 1 1 23 1 37
1 11 1 2 75 1 34
3 5 1 1 57 1 57
3 9 1 1 57 2 24
1 9 1 1 10 2 50
1 11 2 2 37 1 62
1 11 2 1 43 1 62
2 9 1 1 23 1 23
2 9 1 1 40 1 40
2 9 1 1 30 1 30
2 9 1 1 30 1 38
3 9 1 1 46 1 27
3 9 1 1 46 1 46
3 9 1 1 46 1 46
1 9 1 1 28 1 33
2 5 1 1 27 1 27
2 8 1 1 27 1 64
2 8 2 1 53 1 53
2 9 2 1 53 1 43
2 8 2 2 28 1 53
2 9 2 2 28 1 43
1 5 2 2 37 1 44
1 5 2 1 44 1 44
2 9 1 1 25 1 37
2 2 1 2 41 2 41
2 9 2 1 35 1 20
2 9 2 2 12 1 20
2 9 1 1 16 2 31
2 9 1 1 34 1 34
2 9 1 1 34 1 55
2 9 1 2 12 2 38
2 3 1 1 19 1 19
2 9 1 1 19 1 40
2 11 1 2 19 1 60
2 11 1 2 19 1 33
3 9 1 1 58 1 58
2 2 1 1 25 1 25
2 3 1 1 30 1 30
1 11 1 2 72 1 36
2 21 1 2 31 1 42
2 9 1 1 44 2 31
2 3 1 1 43 1 43
2 9 1 1 43 1 40
2 11 1 1 40 1 40
2 9 1 1 19 2 20
1 9 1 1 20 1 43
2 9 1 1 27 1 43
2 5 1 1 27 1 27
1 9 1 1 21 1 32
3 9 1 2 24 2 40
3 20 1 2 24 1 54
3 9 1 2 47 2 47
3 9 1 2 47 1 45
3 9 1 2 47 1 42
2 9 1 1 22 1 38
2 11 1 1 23 1 47
2 9 1 1 41 1 39
2 9 1 1 20 1 43
2 9 1 2 57 2 57
2 9 1 2 57 1 40
2 9 1 2 35 1 46
1 9 1 1 58 1 37
2 9 1 2 42 2 42
3 9 2 2 59 2 49
3 9 2 2 59 2 59
3 9 2 2 59 1 66
3 9 2 1 66 2 49
3 9 2 1 66 2 59
3 9 2 1 66 1 66
1 19 1 1 86 1 26
2 3 1 2 29 2 29
1 11 1 2 83 1 67
1 11 1 2 64 1 43
1 5 2 2 29 1 32
1 5 2 1 27 1 32
2 3 1 1 19 1 19
2 9 1 1 21 1 45
2 9 1 1 33 1 33
1 11 1 2 50 1 45
2 5 1 1 38 1 38
2 11 1 1 42 1 55
2 9 1 1 42 1 42
1 9 1 1 9 2 67
2 5 1 1 29 1 29
2 9 1 1 29 1 26
2 9 1 1 35 1 25
2 5 1 1 35 1 35
2 9 1 1 31 1 25
2 9 1 1 34 1 38
2 9 1 1 28 1 26
2 3 1 1 28 1 28
2 9 2 1 27 1 68
2 9 2 1 68 1 68
2 9 1 1 58 1 22
2 9 1 1 30 1 30
2 9 1 1 42 1 42
2 9 1 1 42 1 23
2 5 2 1 34 1 34
2 9 2 1 34 1 19
2 5 2 2 30 1 34
2 9 2 2 30 1 19
1 11 1 1 31 1 44
2 9 1 1 25 2 36
2 3 1 1 25 1 25
3 9 2 1 43 1 43
3 9 2 1 35 1 43
2 9 1 1 48 1 48
1 3 1 2 35 1 30
2 9 1 1 30 1 30
1 9 1 1 50 1 37
1 19 1 2 25 1 29
3 9 1 1 34 1 34
3 9 1 1 34 1 35
1 11 1 1 64 1 45
2 9 1 1 50 1 50
1 11 1 1 10 1 27
2 9 1 1 11 1 52
1 9 1 1 27 1 33
2 9 1 1 38 1 38
2 9 1 1 38 1 23
2 9 1 2 34 1 32
3 9 1 1 25 1 25
1 9 1 1 19 1 41
2 9 1 1 21 2 41
2 3 1 1 21 1 21
2 9 1 2 33 2 33
1 9 2 1 54 1 21
1 9 2 1 21 1 21
2 2 1 1 28 1 28
2 9 1 1 34 1 34
2 9 1 1 25 2 20
1 11 1 1 38 1 41
2 9 1 1 23 1 31
2 9 1 1 51 1 51
1 11 1 2 70 1 55
2 9 3 1 27 1 27
2 9 3 1 29 1 27
1 11 2 2 53 1 63
1 11 2 2 26 1 63
2 9 1 1 44 2 69
2 9 4 2 25 2 51
2 9 4 2 36 2 51
2 9 4 1 8 2 51
2 9 4 1 8 2 51
2 9 1 1 40 1 55
2 5 1 1 40 1 40
5 9 1 1 34 2 24
5 9 1 1 34 1 34
5 9 1 1 34 1 37
5 9 1 1 34 1 35
2 9 2 2 66 2 66
1 11 1 1 46 1 46
2 9 1 1 32 2 31
1 4 1 1 25 1 25
1 9 1 2 27 1 34
2 9 1 1 30 1 44
2 3 1 1 43 1 43
2 9 1 1 43 1 34
2 9 1 1 44 2 27
2 5 1 1 44 1 44
3 9 2 1 24 1 24
3 9 2 1 24 1 37
3 9 2 1 24 1 24
3 9 2 1 24 1 37
2 9 1 1 34 1 34
2 9 1 1 34 1 25
2 19 1 1 45 1 45
2 9 1 1 30 2 47
1 11 1 2 79 1 44
1 11 1 1 66 1 20
5 19 2 1 56 1 33
5 9 2 1 56 1 49
5 9 2 1 56 1 29
5 19 2 1 29 1 33
5 9 2 1 29 1 49
5 9 2 1 29 1 29
1 19 1 2 56 1 27
2 11 1 1 74 1 41
2 9 1 2 37 2 37
2 9 1 1 22 2 30
2 11 2 2 52 1 31
2 11 2 2 38 1 31
2 5 1 1 26 1 26
2 9 1 1 29 2 22
2 3 1 1 29 1 29
2 9 1 2 30 2 30
1 8 1 1 24 1 30
1 11 1 2 72 1 41
2 9 2 1 50 1 50
2 9 2 1 18 1 50
2 9 1 1 45 1 36
2 19 1 1 32 1 56
3 9 3 1 42 1 42
3 9 3 1 42 1 33
3 9 3 1 42 1 46
3 9 3 1 33 1 42
3 9 3 1 33 1 33
3 9 3 1 33 1 46
3 9 3 1 33 1 42
3 9 3 1 33 1 33
3 9 3 1 33 1 46
2 9 1 1 29 1 43
1 11 1 1 39 2 42
2 9 2 2 40 1 59
2 9 2 1 59 1 59
2 11 1 1 38 1 48
2 9 1 2 31 1 40
2 9 1 1 30 1 30
2 9 1 2 26 2 26
2 9 1 1 18 1 40
2 9 1 1 18 1 18
2 9 1 1 40 2 29
2 9 1 2 24 2 24
2 9 1 1 23 1 23
2 3 1 1 30 1 30
3 9 1 2 33 2 33
3 9 1 2 33 1 35
1 4 2 1 37 1 28
1 4 2 1 28 1 28
2 5 1 1 45 1 45
2 9 1 1 45 1 45
2 3 1 1 41 1 41
2 9 1 1 40 1 40
2 9 1 1 39 1 39
2 5 1 1 23 1 23
2 9 1 1 26 1 26
2 9 1 1 26 1 46
1 9 1 1 47 1 35
2 19 1 1 28 1 20
1 11 1 1 15 1 64
2 9 1 1 44 1 42
3 9 2 2 38 2 38
3 9 2 2 24 2 38
2 9 1 2 51 2 51
2 19 1 2 51 1 21
1 9 1 1 21 2 22
1 9 1 1 38 1 38
2 11 1 2 29 1 21
2 9 1 2 29 1 45
1 9 1 1 31 1 54
2 9 1 1 40 1 40
1 11 1 1 62 1 53
2 9 1 1 21 1 25
2 9 1 1 24 1 38
2 5 1 1 24 1 24
1 2 1 1 35 1 35
2 9 1 2 52 2 52
2 9 1 2 42 2 42
2 9 1 1 24 1 24
2 9 1 2 30 1 54
2 9 1 2 23 2 23
2 9 2 1 22 1 22
2 9 2 1 22 2 20
2 9 2 2 27 1 22
2 9 2 2 27 2 20
2 8 1 1 28 1 41
2 9 2 1 43 1 43
3 9 1 1 30 1 30
2 3 1 1 31 1 31
1 9 2 1 39 1 49
1 9 2 2 41 1 49
1 9 1 2 65 1 38
2 9 1 1 36 1 36
2 9 1 1 43 1 43
2 9 2 2 34 2 34
2 9 2 2 34 2 25
2 9 2 2 25 2 34
2 9 2 2 25 2 25
1 5 1 2 21 1 54
2 9 1 1 28 1 28
2 9 1 1 28 1 26
1 5 1 1 42 1 41
1 9 1 2 21 1 47
1 11 1 2 50 1 34
3 9 1 1 56 1 56
2 9 1 2 30 1 49
1 11 1 1 22 1 33
2 3 1 1 20 1 20
2 9 1 1 20 1 40
1 11 1 2 73 1 33
2 21 1 1 45 1 45
3 9 1 1 25 2 31
3 2 1 1 25 1 25
1 3 1 2 45 1 32
2 9 1 2 33 2 66
2 9 1 1 42 1 42
2 19 1 1 29 1 29
2 9 4 2 41 2 41
2 9 4 2 41 1 22
2 9 4 1 43 2 41
2 9 4 1 43 1 22
2 9 4 2 16 2 41
2 9 4 2 16 1 22
2 9 4 1 22 2 41
2 9 4 1 22 1 22
4 9 1 2 26 1 30
4 9 1 2 26 2 26
4 9 1 2 26 1 30
4 9 1 2 26 1 38
2 9 2 1 27 1 22
2 9 2 1 1 1 22
2 9 1 1 44 1 28
2 9 1 2 29 1 36
2 9 1 2 29 1 49
2 9 2 1 36 1 35
2 9 2 1 1 1 35
2 9 1 2 82 1 86
2 9 1 1 46 1 40
2 9 1 1 46 1 46
2 9 1 2 49 2 49
2 3 1 1 28 1 28
2 9 1 1 28 1 24
2 9 1 1 66 1 66
2 9 1 1 31 2 40
2 9 1 1 47 1 47
2 9 1 1 41 1 28
2 5 1 1 41 1 41
1 5 2 2 35 1 42
1 5 2 1 42 1 42
2 9 1 2 35 2 35
2 9 2 1 29 1 29
2 9 2 1 29 1 20
2 9 2 1 20 1 20
2 9 1 2 44 2 44
2 9 2 2 44 2 44
2 9 2 2 44 1 21
2 9 2 1 21 2 44
2 9 2 1 21 1 21
2 9 3 2 18 2 18
2 9 3 1 12 2 18
2 9 3 2 18 2 18
1 11 1 2 67 1 36
2 5 1 1 35 1 35
2 3 1 1 20 1 20
2 8 1 1 36 1 36
1 11 1 1 14 1 44
2 9 3 1 24 1 24
2 9 3 1 24 2 46
2 9 3 2 52 1 24
2 9 3 2 52 2 46
2 9 3 2 46 1 24
2 9 3 2 46 2 46
2 3 1 1 17 1 17
1 9 1 2 29 2 22
1 11 1 1 32 1 45
2 9 1 2 26 1 32
2 9 1 2 26 2 26
1 11 1 1 33 1 62
2 9 1 1 24 1 24
2 9 2 1 25 1 25
2 9 2 1 25 1 40
2 9 2 1 16 1 41
2 9 2 1 41 1 41
2 9 1 1 33 1 20
2 3 1 1 33 1 33
2 9 1 1 34 1 40
2 5 1 1 21 1 21
3 9 1 1 40 1 41
3 9 1 1 40 1 47
2 3 1 1 55 1 55
2 5 1 1 51 1 51
2 9 1 2 19 2 19
2 9 2 1 32 1 32
1 9 1 1 79 2 45
1 9 1 1 36 1 27
2 5 1 1 35 1 35
2 9 1 1 35 1 21
3 9 2 1 29 1 29
3 9 2 1 9 1 29
1 11 1 1 85 1 49
1 9 1 1 15 1 36
2 2 1 1 31 1 31
2 9 1 1 24 1 42
2 9 1 1 23 2 45
2 5 1 1 23 1 23
2 19 1 1 27 1 27
2 5 1 1 42 1 42
2 9 1 1 42 1 35
2 9 2 1 59 1 59
2 9 2 2 52 1 59
2 5 1 1 34 1 34
2 9 2 2 36 2 36
2 9 2 2 36 2 50
2 9 2 1 5 2 36
2 9 2 1 5 2 50
2 9 1 1 51 2 51
2 9 1 1 26 1 45
2 4 1 1 24 1 24
2 19 1 1 24 1 24
1 9 1 2 68 2 26
2 19 1 1 24 1 44
2 9 1 1 48 1 48
2 9 1 1 48 1 29
2 9 1 2 45 2 45
2 19 1 1 25 1 57
1 11 1 2 3 1 33
2 9 2 1 31 1 31
2 9 2 1 31 2 32
2 9 2 2 34 1 31
2 9 2 2 34 2 32
2 11 1 1 64 1 42
2 5 1 1 37 1 37
1 9 1 2 28 2 22
2 3 1 1 21 1 21
2 9 1 1 21 1 59
1 10 1 2 18 1 54
2 9 1 1 70 1 70
2 9 1 2 29 2 29
2 9 1 2 29 1 30
1 3 1 1 65 1 39
1 5 1 1 36 1 36
2 9 2 1 73 1 73
2 9 1 1 34 2 26
2 9 1 1 24 1 24
2 9 1 1 24 1 24
1 11 2 2 52 1 40
1 11 2 2 30 1 40
2 21 1 1 33 1 37
2 9 1 1 33 1 33
2 9 1 1 27 1 27
3 9 1 2 34 1 55
3 9 1 2 34 2 34
2 9 1 1 29 1 29
2 20 1 1 29 1 28
2 9 2 2 22 2 22
2 9 2 2 35 2 22
3 9 2 1 28 1 28
3 11 2 1 28 1 28
3 9 2 1 30 1 28
3 11 2 1 30 1 28
2 9 1 1 34 1 26
2 9 1 1 34 1 34
1 9 1 2 20 1 28
2 9 1 2 27 2 27
1 20 1 2 39 1 62
2 9 1 1 25 1 41
2 9 1 1 61 1 61
4 19 2 1 31 1 31
4 9 2 1 31 1 39
4 19 2 1 23 1 31
4 9 2 1 23 1 39
4 9 1 2 9 1 29
4 9 1 2 9 2 39
1 9 1 1 44 2 49
1 11 1 2 19 1 26
4 9 1 2 69 1 56
4 9 1 2 69 1 67
4 9 1 2 69 1 40
2 9 1 1 41 1 41
2 3 1 1 41 1 25
2 9 1 1 32 1 31
1 9 1 1 23 2 22
2 9 1 1 29 1 31
2 4 1 1 29 1 29
2 9 1 1 25 1 30
1 11 1 1 44 1 32
2 9 1 1 34 1 34
2 3 1 1 54 1 54
2 9 1 1 54 1 31
2 4 1 1 15 1 15
3 9 2 1 27 1 27
3 9 2 1 27 1 31
3 9 2 1 21 1 27
3 9 2 1 21 1 31
1 9 1 2 12 1 30
2 5 1 1 30 1 30
3 9 1 1 35 1 52
3 9 1 1 35 1 35
2 8 1 1 30 1 76
2 4 2 1 55 1 55
2 9 2 1 55 1 25
2 4 2 2 25 1 55
2 9 2 2 25 1 25
2 8 1 1 31 1 67
2 5 1 2 55 2 55
2 9 1 2 55 2 30
2 9 1 1 41 1 24
2 19 1 1 41 2 42
1 11 1 1 76 1 37
2 9 2 1 28 1 28
2 3 2 1 28 1 34
2 9 2 1 34 1 28
2 3 2 1 34 1 34
1 9 1 1 25 1 23
2 5 2 1 29 1 29
2 5 2 2 22 1 29
1 9 1 1 41 1 24
2 4 1 2 26 2 26
2 9 1 2 34 2 34
2 19 2 1 19 1 19
2 9 1 1 27 1 66
2 9 1 2 37 2 37
2 9 3 2 62 2 62
2 9 3 2 43 2 62
2 9 3 2 6 2 62
2 9 1 1 33 1 33
2 3 1 1 24 1 24
2 9 1 2 22 1 30
2 9 1 1 39 1 31
2 9 1 1 39 1 39
2 3 1 1 20 1 20
2 9 1 1 41 1 41
3 9 1 2 23 2 23
3 21 1 2 23 1 55
3 19 1 2 23 1 62
1 9 1 2 23 1 46
4 9 1 1 52 1 28
4 9 1 1 52 1 52
4 9 1 1 52 1 40
2 20 1 1 41 1 41
2 3 1 1 17 1 27
1 9 1 2 26 1 60
1 9 2 1 20 1 20
1 9 2 1 20 1 20
2 9 1 1 43 1 43
2 9 1 1 43 1 21
2 5 1 1 52 1 52
2 9 1 1 52 1 34
2 9 1 2 28 1 27
2 9 1 2 28 2 23
2 3 1 1 24 1 24
1 4 1 1 58 1 58
2 9 1 1 39 1 39
2 19 1 1 39 1 39
2 9 1 2 35 2 24
2 9 2 1 51 1 31
2 9 2 1 51 1 28
2 9 2 1 21 1 31
2 9 2 1 21 1 28
2 9 1 2 27 2 32
3 9 1 2 23 1 25
3 19 1 2 23 1 26
2 2 1 1 16 1 16
2 9 1 1 16 1 23
1 9 1 1 10 1 48
2 5 1 2 31 2 31
2 9 1 2 31 2 53
2 9 1 2 33 1 62
2 9 1 2 33 2 44
4 21 1 1 46 1 30
4 9 1 1 46 1 46
4 9 1 1 46 1 23
2 5 1 1 35 1 35
3 9 4 1 11 1 44
3 9 4 2 37 1 44
3 9 4 1 44 1 44
3 9 4 1 53 1 44
2 9 1 1 45 1 30
3 9 2 1 19 1 19
3 9 2 1 19 1 27
3 9 2 1 19 1 36
3 9 2 1 22 1 19
3 9 2 1 22 1 27
3 9 2 1 22 1 36
2 3 2 1 31 1 31
2 9 2 1 31 1 23
2 3 2 1 23 1 31
2 9 2 1 23 1 23
2 9 1 2 29 2 29
2 3 1 2 29 1 17
2 9 1 1 32 1 32
2 5 1 1 40 1 40
2 9 1 2 25 2 25
2 9 1 1 33 1 30
2 9 1 1 32 1 32
2 9 2 1 26 1 24
2 9 2 1 6 1 24
2 3 1 1 27 1 27
2 9 1 1 27 1 18
2 9 1 2 36 1 29
1 9 1 2 13 2 37
1 9 1 2 12 2 29
3 9 3 2 9 1 29
3 9 3 2 23 1 29
3 9 3 2 26 1 29
2 5 1 1 24 1 24
1 5 1 1 15 1 44
2 5 1 2 54 2 54
1 9 1 2 39 2 39
1 9 1 2 30 2 27
2 3 1 2 19 2 19
2 9 1 2 19 1 44
2 3 1 1 28 1 28
2 9 1 1 28 2 30
1 19 1 2 14 1 39
2 5 1 1 44 1 44
2 9 1 1 44 1 25
2 5 1 1 35 1 35
2 9 1 1 35 1 42
3 9 1 1 28 1 28
2 19 2 1 26 1 36
2 5 1 1 33 1 33
2 9 1 2 25 1 25
2 3 1 1 24 1 24
2 5 1 1 37 1 37
1 9 1 1 34 1 41
2 9 1 1 27 1 36
2 5 1 1 27 1 27
3 9 1 2 29 2 25
2 11 1 2 31 1 35
2 5 1 2 31 1 32
2 9 1 1 47 1 47
2 9 1 1 47 1 20
2 9 1 1 32 1 57
2 9 1 1 32 1 32
1 9 1 1 24 1 24
3 9 1 2 32 1 50
3 9 1 2 32 2 32
1 11 1 1 63 1 63
3 21 2 2 9 1 28
3 21 2 2 41 1 28
2 9 1 1 36 1 25
2 5 1 1 30 1 30
2 20 1 1 30 1 25
2 9 1 1 22 1 30
2 9 1 1 26 2 45
2 9 3 2 49 1 44
2 9 3 1 44 1 44
2 4 1 1 29 1 29
2 5 1 1 25 1 25
2 9 1 2 22 1 40
2 21 1 2 22 1 38
2 9 1 2 22 2 22
2 11 1 2 22 1 24
2 4 1 1 26 1 26
3 9 1 1 28 1 34
3 9 1 1 20 1 20
1 9 1 1 23 2 36
2 9 1 1 22 1 21
2 9 1 1 22 1 50
2 5 1 1 27 1 27
2 3 1 1 25 1 25
2 9 1 1 25 1 45
2 9 1 1 51 1 51
1 9 1 1 19 1 21
2 9 1 1 39 1 39
2 9 1 1 33 1 34
2 5 1 1 24 1 24
1 9 1 1 19 2 39
2 9 1 1 26 1 39
2 9 1 1 26 1 26
2 9 1 1 44 1 44
2 9 1 1 43 1 43
2 9 1 1 36 1 55
2 9 2 2 4 1 30
2 9 2 2 23 1 30
3 9 1 1 50 2 42
3 19 1 1 50 1 35
3 9 1 1 50 1 50
2 9 1 1 28 1 28
2 9 1 1 41 1 41
2 9 1 1 41 1 20
1 11 2 2 65 1 60
1 11 2 1 57 1 60
2 9 1 1 35 1 35
2 9 1 1 29 1 60
2 9 3 1 40 1 40
2 9 3 1 40 1 28
2 9 3 2 36 1 40
2 9 3 2 36 1 28
2 9 3 2 16 1 40
2 9 3 2 16 1 28
3 4 1 1 28 1 28
2 9 1 1 32 1 66
5 9 1 1 11 2 26
5 9 1 1 11 1 57
5 21 1 1 11 1 53
2 5 1 2 50 1 31
2 9 1 2 50 2 50
1 8 1 2 26 1 31
2 9 2 1 18 1 25
2 9 2 1 18 1 25
2 9 1 1 42 1 42
2 9 1 1 42 1 36
2 9 1 2 38 2 38
2 9 1 2 38 2 27
2 9 1 1 50 1 50
2 9 1 1 43 2 31
2 9 2 2 22 2 22
2 9 2 2 6 2 22
3 19 2 1 36 1 54
3 19 2 1 34 1 54
2 9 2 1 28 1 28
2 9 2 1 28 1 52
2 9 2 1 52 1 28
2 9 2 1 52 1 52
2 4 1 1 43 1 43
1 9 2 1 45 1 45
1 9 2 2 39 1 45
2 3 1 1 35 1 35
2 9 1 2 27 2 27
2 5 1 1 28 1 28
2 9 3 1 41 2 26
2 9 3 1 41 1 41
2 9 3 2 33 2 26
2 9 3 2 33 1 41
2 9 3 1 72 2 26
2 9 3 1 72 1 41
2 9 4 2 13 1 32
2 9 4 2 13 1 30
2 9 4 2 27 1 32
2 9 4 2 27 1 30
2 9 4 1 32 1 32
2 9 4 1 32 1 30
2 9 4 1 30 1 32
2 9 4 1 30 1 30
1 5 1 2 22 1 19
2 5 1 1 50 1 50
2 9 2 1 23 1 33
2 9 2 1 23 1 29
2 9 2 1 29 1 33
2 9 2 1 29 1 29
2 9 2 1 26 1 41
2 9 2 1 41 1 41
2 3 1 1 35 1 35
2 9 2 1 19 1 19
2 9 2 1 19 1 31
2 9 2 1 31 1 19
2 9 2 1 31 1 31
2 9 1 2 29 2 29
3 9 1 1 18 1 18
2 9 1 1 36 1 35
2 3 1 1 24 1 24
1 9 1 2 49 1 19
2 11 1 2 36 2 36
2 9 1 1 34 1 34
2 9 1 1 75 2 33
2 9 1 1 25 1 32
2 4 1 1 25 1 25
4 9 2 1 37 1 37
4 9 2 1 37 1 24
4 9 2 1 37 1 38
4 9 2 1 24 1 37
4 9 2 1 24 1 24
4 9 2 1 24 1 38
2 9 1 1 30 1 34
1 19 1 2 16 1 50
1 9 1 1 30 1 30
2 9 1 1 24 1 35
2 9 1 1 54 1 41
2 3 1 1 44 1 44
2 20 1 1 44 1 47
2 9 2 2 22 2 22
2 19 2 2 22 1 47
2 9 2 2 21 2 22
2 19 2 2 21 1 47
1 9 1 1 30 1 30
2 11 2 2 31 1 38
2 11 2 2 61 1 38
2 9 1 1 40 1 32
1 9 1 1 3 1 35
2 8 1 1 41 1 68
2 9 1 1 41 2 27
1 3 1 2 27 1 22
1 19 1 2 21 1 33
2 19 2 1 40 1 40
2 9 2 1 40 1 47
2 5 1 2 34 2 34
2 4 1 1 38 1 38
1 11 2 2 40 1 31
2 3 1 1 43 1 43
3 9 2 1 39 2 67
3 9 2 1 39 1 29
3 9 2 2 67 2 67
3 9 2 2 67 1 29
1 20 1 1 11 1 53
2 9 1 1 35 2 43
2 9 1 1 35 1 35
2 9 1 1 34 1 34
2 5 1 1 36 1 36
2 8 1 1 27 1 37
2 8 1 1 39 1 39
2 9 1 1 39 1 30
1 9 1 1 35 2 59
3 9 2 2 23 2 23
1 11 1 2 75 1 36
2 4 1 1 37 1 37
1 11 1 1 16 1 57
2 9 1 2 36 2 36
2 9 1 1 55 1 55
2 9 1 2 45 2 48
2 9 1 2 45 2 16
2 9 1 1 35 1 44
2 5 1 1 35 1 35
1 9 1 2 47 1 28
2 9 1 1 17 1 17
1 9 2 1 25 1 36
1 9 2 1 28 1 36
3 9 1 2 38 2 38
2 5 1 1 35 1 35
1 9 1 1 16 1 22
2 5 1 1 35 1 35
2 19 1 1 46 1 37
2 8 1 1 46 1 46
1 9 1 1 53 2 37
2 9 1 1 43 1 20
2 5 1 1 43 1 43
2 19 2 1 58 1 58
2 9 2 1 58 1 22
2 19 2 1 22 1 58
2 9 2 1 22 1 22
3 9 1 2 20 1 65
3 9 1 2 20 2 20
2 5 1 1 40 1 40
2 9 1 1 40 1 27
2 9 1 1 19 1 17
2 11 1 1 45 1 38
2 9 1 2 33 1 31
2 9 1 1 55 1 22
2 5 1 1 32 1 32
2 9 1 1 32 1 41
2 9 1 1 26 2 17
2 5 1 1 26 1 26
2 9 1 1 38 2 28
2 5 1 1 48 1 48
2 9 1 2 59 2 59
2 9 1 2 40 2 40
2 5 1 1 32 1 32
1 11 1 2 53 1 30
2 9 1 1 35 1 35
2 9 1 1 35 1 52
2 9 1 2 50 1 47
2 9 1 2 50 2 29
2 21 1 2 53 1 33
2 11 1 1 53 1 34
2 9 1 1 29 1 50
2 3 1 1 31 1 31
2 9 1 1 56 1 56
3 9 1 1 54 1 54
2 5 1 1 44 1 44
2 9 1 1 34 1 20
2 9 1 1 19 1 19
2 9 1 2 37 1 58
1 9 1 1 35 1 48
2 4 1 1 28 1 28
2 3 1 1 22 1 22
2 5 2 1 32 1 32
2 5 2 1 30 1 32
2 9 2 1 29 1 43
2 9 2 1 29 1 29
2 9 2 1 27 1 43
2 9 2 1 27 1 29
2 9 1 2 47 1 31
2 3 1 2 47 2 47
2 9 1 1 41 2 20
2 9 1 1 27 1 27
2 9 1 1 27 1 40
2 9 1 1 43 1 43
1 11 1 2 34 1 25
1 8 1 2 25 1 50
2 9 1 1 23 1 23
2 9 2 1 29 1 29
2 9 2 2 28 1 42
2 9 2 2 28 1 37
2 9 2 1 42 1 42
2 9 2 1 42 1 37
2 9 1 1 30 1 44
1 9 2 2 38 1 39
1 9 2 1 15 1 39
2 5 1 1 33 1 33
2 9 1 1 41 1 41
2 9 1 1 41 1 50
2 9 2 2 44 1 19
2 9 2 2 44 2 18
2 9 2 2 18 1 19
2 9 2 2 18 2 18
3 9 1 1 41 1 42
2 9 1 1 23 1 23
1 9 1 1 29 1 42
2 5 1 1 45 1 45
2 9 1 2 20 1 47
2 9 1 2 20 2 20
2 9 1 1 45 1 45
2 9 1 1 31 1 36
2 9 1 2 27 1 33
2 9 1 2 27 1 32
2 9 2 1 49 1 49
2 19 2 1 49 1 55
2 9 2 1 55 1 49
2 19 2 1 55 1 55
2 9 1 1 23 1 23
3 9 1 1 41 1 41
2 21 1 2 18 1 59
2 9 2 2 56 2 56
2 9 1 1 54 1 54
2 19 1 1 54 1 45
2 9 1 1 48 2 42
2 9 1 1 47 1 27
2 9 1 1 54 1 54
1 9 1 1 27 1 27
1 9 3 2 21 1 63
1 9 3 2 23 1 63
1 9 3 1 25 1 63
1 9 1 2 59 2 72
1 3 1 1 39 1 39
2 9 1 1 61 1 54
2 3 1 1 32 1 32
1 5 1 1 50 1 50
2 3 1 1 26 1 26
2 9 1 2 42 1 54
2 9 1 1 31 1 31
2 9 1 1 31 1 48
2 3 1 1 41 1 41
2 9 2 1 71 1 71
2 9 2 1 24 1 71
2 9 1 1 10 1 43
2 9 2 1 47 1 43
2 9 2 1 43 1 43
6 9 4 1 52 1 52
6 9 4 1 52 1 37
6 9 4 1 52 1 24
6 9 4 1 52 1 30
6 9 4 1 52 1 75
6 9 4 1 37 1 52
6 9 4 1 37 1 37
6 9 4 1 37 1 24
6 9 4 1 37 1 30
6 9 4 1 37 1 75
6 9 4 1 24 1 52
6 9 4 1 24 1 37
6 9 4 1 24 1 24
6 9 4 1 24 1 30
6 9 4 1 24 1 75
6 9 4 1 30 1 52
6 9 4 1 30 1 37
6 9 4 1 30 1 24
6 9 4 1 30 1 30
6 9 4 1 30 1 75
2 9 1 1 31 1 31
1 9 1 1 23 1 23
2 9 1 1 42 2 40
2 9 1 1 42 1 24
2 9 2 2 38 2 38
2 9 2 2 11 2 38
2 9 1 2 41 2 41
1 3 1 1 34 1 34
2 9 2 1 31 1 22
2 9 2 1 22 1 22
2 9 1 1 75 1 75
2 9 1 1 42 1 42
2 9 1 1 42 2 52
1 9 1 2 31 2 31
2 9 1 2 41 2 41
3 9 2 1 27 1 27
3 9 2 1 27 1 46
3 9 2 1 46 1 27
3 9 2 1 46 1 46
2 9 1 2 25 2 25
2 9 1 2 35 2 35
1 9 1 1 30 1 56
4 9 1 2 14 2 43
4 9 1 2 14 1 30
4 9 1 2 14 2 38
2 9 1 1 69 2 27
2 9 1 1 20 1 50
1 9 1 1 39 1 39
2 9 1 1 33 1 33
1 9 1 2 37 1 28
2 9 2 2 32 2 24
2 9 2 2 24 2 24
2 9 1 2 47 2 47
2 9 1 2 63 1 23
2 9 2 1 12 1 41
2 9 2 2 20 1 41
1 11 1 2 80 1 66
2 9 1 2 30 2 30
2 9 3 1 2 1 23
2 9 3 1 2 1 24
2 9 3 2 24 1 23
2 9 3 2 24 1 24
2 9 3 1 24 1 23
2 9 3 1 24 1 24
2 8 1 2 42 2 42
2 20 1 1 50 1 56
2 9 1 1 53 1 89
2 9 1 1 53 1 53
1 21 1 2 13 1 24
2 9 1 2 39 1 23
2 9 1 2 39 2 19
2 9 2 2 29 1 47
2 9 2 2 21 1 47
1 9 1 1 20 1 40
1 9 1 1 26 1 26
2 9 1 1 33 1 23
2 9 2 2 45 1 30
2 9 2 1 32 1 30
2 9 1 2 22 2 22
2 9 1 2 54 2 54
1 9 1 2 30 1 34
2 9 1 2 27 2 27
3 5 1 1 36 1 36
3 9 1 1 36 2 34
2 9 2 2 61 1 59
2 9 2 1 25 1 59
3 9 2 1 70 1 70
3 9 2 1 60 1 70
2 9 1 1 37 2 45
2 9 1 1 37 1 37
4 9 2 2 48 1 39
4 9 2 2 48 2 48
4 9 2 1 13 1 39
4 9 2 1 13 2 48
2 9 1 1 26 1 26
2 9 2 1 19 1 19
2 9 2 2 17 1 19
2 9 1 2 60 2 60
2 19 1 2 60 1 41
2 9 1 2 81 1 36
2 9 1 1 54 1 54
1 9 1 1 8 2 31
3 9 2 2 24 1 25
3 9 2 2 27 1 25
1 9 1 2 27 1 29
2 11 2 2 43 2 43
2 19 2 2 43 1 30
2 11 2 2 43 2 43
2 19 2 2 43 1 30
2 9 1 1 59 1 59
2 9 1 1 59 1 25
2 9 1 2 4 2 31
2 21 1 1 71 1 26
2 9 1 1 71 1 71
2 9 1 2 36 2 36
2 9 1 1 26 1 26
4 19 2 1 26 1 26
4 9 2 1 26 3 37
4 19 2 1 52 1 26
4 9 2 1 52 3 37
2 9 1 2 7 2 37
2 10 1 2 7 1 42
2 9 1 1 49 1 49
2 11 1 1 49 1 40
2 11 2 1 62 1 30
2 9 2 1 62 2 41
2 11 2 1 10 1 30
2 9 2 1 10 2 41
3 9 1 1 43 1 41
3 9 1 1 43 1 36
2 9 1 1 27 1 27
2 9 1 1 24 1 24
1 9 1 2 5 1 38
3 9 1 1 44 1 44
3 19 1 1 44 1 35
2 9 2 2 37 2 37
2 9 2 2 14 2 37
3 9 1 1 42 1 42
3 9 1 1 42 2 52
3 9 1 1 42 1 37
1 9 1 1 16 2 55
2 9 2 2 27 2 40
2 9 2 2 40 2 40
2 9 1 2 32 2 32
2 9 1 2 32 1 52
2 9 1 1 47 1 47
2 4 1 1 30 1 30
1 9 1 2 23 1 65
2 9 1 1 41 1 41
2 9 2 2 26 2 26
2 9 1 1 26 1 26
2 9 1 1 43 1 42
2 8 1 1 60 1 60
2 5 1 1 26 1 26
2 11 4 2 40 1 32
2 9 4 2 40 1 45
2 11 4 2 60 1 32
2 9 4 2 60 1 45
2 11 4 2 61 1 32
2 9 4 2 61 1 45
2 11 4 1 19 1 32
2 9 4 1 19 1 45
2 9 1 1 35 1 35
2 9 1 1 35 1 47
2 5 1 1 24 1 24
2 9 1 1 24 2 28
3 9 1 2 38 1 36
3 9 1 2 38 1 44
2 9 1 1 38 1 38
2 11 1 2 40 1 30
3 9 1 1 27 1 27
1 9 2 1 18 1 18
1 9 2 1 17 1 18
2 11 2 2 40 1 26
2 11 2 1 26 1 26
2 9 1 2 28 2 28
1 3 1 1 48 1 28
2 9 1 2 1 1 18
2 9 1 2 1 2 23
3 9 1 2 49 2 49
2 9 1 1 24 1 24
3 9 2 2 48 2 48
3 9 2 2 48 1 60
3 9 2 2 54 2 48
3 9 2 2 54 1 60
2 9 1 2 18 2 18
2 9 1 2 18 1 42
2 9 1 1 51 1 41
2 4 1 1 33 1 33
2 9 1 1 33 1 39
2 9 1 1 24 2 22
2 3 1 1 44 1 44
2 9 1 1 44 1 35
2 3 1 1 56 1 56
2 3 2 1 23 1 23
2 3 2 2 20 1 23
1 9 1 2 6 1 54
1 9 1 1 9 1 19
2 9 1 2 46 2 46
2 9 1 1 35 1 35
2 9 1 1 35 2 43
2 9 1 2 45 2 45
1 2 1 1 21 1 21
2 9 1 1 32 1 32
2 9 1 1 34 1 34
2 9 1 1 36 1 36
2 9 1 2 10 2 25
2 9 1 2 42 2 42
2 9 1 1 28 1 27
3 9 2 1 43 1 56
3 9 2 1 18 1 56
2 9 1 1 46 1 61
1 9 1 1 37 2 71
2 9 1 1 18 2 36
3 9 2 1 18 2 25
3 9 2 1 18 1 18
1 19 1 2 16 1 22
2 9 1 2 28 2 28
2 9 1 1 31 1 54
2 9 1 2 25 2 25
2 9 1 1 31 1 31
3 9 1 1 47 1 47
2 9 2 2 37 1 34
2 9 2 2 37 2 37
2 9 2 2 62 1 34
2 9 2 2 62 2 37
2 3 1 1 38 1 38
2 9 1 1 48 2 38
2 9 1 2 37 2 37
1 9 1 2 48 1 52
2 9 1 1 18 1 18
2 9 2 2 30 2 30
2 9 2 2 28 2 30
2 9 1 1 43 1 35
2 9 1 2 48 2 48
2 19 1 2 29 1 25
1 9 1 1 30 2 39
2 5 1 1 29 1 29
2 9 1 1 29 1 17
3 9 1 1 76 1 76
2 9 2 2 46 2 46
2 9 1 1 39 1 39
1 9 1 1 27 1 53
2 5 1 1 63 1 63
2 9 1 2 30 2 30
2 9 1 1 26 2 18
1 9 1 1 22 1 31
1 3 1 1 20 1 20
2 9 1 1 25 1 62
2 9 1 2 34 2 34
2 9 1 1 36 1 36
2 9 1 1 36 2 42
2 9 1 1 38 1 38
2 9 1 1 38 2 45
1 11 1 2 91 1 35
4 8 2 1 47 1 34
4 9 2 1 47 1 41
4 9 2 1 47 1 47
4 8 2 1 47 1 34
4 9 2 1 47 1 41
4 9 2 1 47 1 47
3 5 1 1 31 1 31
3 9 1 1 31 1 59
2 9 1 2 36 2 36
2 9 1 2 45 2 45
2 9 1 1 35 1 35
2 9 1 2 41 2 41
3 9 1 1 68 1 33
3 9 1 1 68 2 22
2 9 1 2 16 2 40
2 9 1 1 33 1 33
1 9 2 2 19 2 19
1 9 2 2 19 2 19
1 11 1 2 23 1 21
1 9 1 2 28 1 30
3 9 1 2 45 2 45
2 9 1 2 51 2 51
2 9 1 1 45 1 45
2 9 1 1 32 1 33
1 11 1 2 89 1 53
2 9 1 1 25 1 25
5 9 2 1 57 1 25
5 9 2 1 57 2 39
5 9 2 2 39 1 25
5 9 2 2 39 2 39
2 9 1 1 71 1 71
2 9 1 1 65 1 65
2 9 1 1 65 1 38
2 19 3 1 59 1 59
2 21 3 1 59 1 40
2 19 3 2 57 1 59
2 21 3 2 57 1 40
2 19 3 1 41 1 59
2 21 3 1 41 1 40
2 11 1 2 30 2 30
2 9 1 2 30 1 25
2 9 1 1 42 1 30
2 9 1 1 42 1 42
1 9 1 1 33 2 36
2 9 2 1 34 1 33
2 9 2 1 33 1 33
2 9 1 2 51 2 51
2 9 1 1 31 1 31
2 9 1 2 31 2 31
2 9 1 2 24 2 24
2 9 1 1 33 1 33
2 9 2 2 9 2 37
2 9 2 2 9 2 57
2 9 2 2 37 2 37
2 9 2 2 37 2 57
2 3 1 1 32 1 32
1 11 1 2 79 1 31
1 9 1 1 39 1 39
2 3 1 1 36 1 36
1 9 1 2 15 2 67
2 9 1 2 26 2 26
2 9 1 1 33 1 33
2 9 1 1 21 2 44
2 9 3 1 36 1 33
2 9 3 2 48 1 33
2 9 3 2 43 1 33
2 9 1 1 27 1 27
2 9 1 1 42 1 42
2 9 3 2 36 2 36
2 9 3 2 36 2 45
2 9 3 2 8 2 36
2 9 3 2 8 2 45
2 9 3 2 11 2 36
2 9 3 2 11 2 45
1 19 1 2 19 1 67
2 9 1 1 32 2 54
1 9 1 1 38 1 19
2 9 1 2 64 2 64
2 9 1 1 40 1 40
2 9 2 1 19 1 19
2 9 2 2 20 1 19
2 9 1 2 39 1 23
2 9 1 2 39 2 39
3 9 1 1 26 2 18
3 9 1 1 26 1 20
2 9 1 1 43 1 43
2 9 1 1 30 1 30
2 9 3 2 8 2 36
2 9 3 2 8 1 20
2 9 3 2 6 2 36
2 9 3 2 6 1 20
2 9 3 2 8 2 36
2 9 3 2 8 1 20
2 9 1 2 39 2 39
2 9 1 2 59 2 59
2 9 1 2 59 1 59
2 9 1 1 32 1 32
2 9 1 2 48 2 48
2 9 1 2 51 2 51
2 9 1 2 41 2 41
1 9 1 1 19 1 36
1 9 1 2 9 2 51
2 9 1 1 32 1 32
2 9 1 1 19 1 19
2 9 1 1 19 1 36
2 21 2 1 34 1 34
2 21 2 1 77 1 34
1 9 1 1 45 2 44
2 5 1 1 28 1 28
2 9 2 2 38 2 38
2 9 2 2 10 2 38
1 9 1 1 42 1 42
2 9 1 1 34 1 34
2 9 1 2 51 1 58
3 9 1 1 32 1 36
3 9 1 1 32 1 32
3 9 1 1 32 1 41
2 9 5 1 32 1 31
2 9 5 1 31 1 31
2 9 5 2 27 1 31
2 9 5 1 9 1 31
2 9 5 1 11 1 31
1 11 1 2 53 1 55
4 9 2 1 24 1 50
4 9 2 1 24 1 55
4 9 2 1 24 2 38
4 9 2 1 30 1 50
4 9 2 1 30 1 55
4 9 2 1 30 2 38
2 3 1 2 31 2 31
2 21 2 1 28 1 28
2 9 2 1 28 2 46
2 21 2 2 46 1 28
2 9 2 2 46 2 46
2 3 1 1 32 1 32
2 9 1 1 31 1 20
2 5 1 1 38 1 38
1 9 2 1 19 1 19
1 9 2 1 20 1 19
2 9 1 1 35 1 24
2 9 2 1 49 1 49
2 10 2 1 49 1 65
2 9 2 1 18 1 49
2 10 2 1 18 1 65
3 9 1 1 20 2 31
3 9 1 1 20 1 20
3 9 1 1 41 1 41
2 9 1 1 45 1 45
2 9 1 1 45 1 20
3 9 3 2 24 2 24
3 9 3 2 24 2 48
3 9 3 1 28 2 24
3 9 3 1 28 2 48
3 9 3 2 48 2 24
3 9 3 2 48 2 48
2 11 1 1 35 1 56
2 9 3 1 40 1 40
1 9 1 2 13 2 22
2 9 1 1 30 1 30
2 9 1 1 30 2 24
2 9 1 1 48 1 25
2 4 1 1 25 1 25
2 9 1 1 52 1 42
2 9 3 2 22 2 22
2 9 1 1 31 1 31
1 9 1 1 44 1 44
2 11 1 2 46 2 42
1 9 1 1 23 1 50
2 3 1 1 18 1 18
2 9 1 1 18 1 23
1 4 1 2 60 1 47
3 9 2 2 26 2 26
3 9 2 1 27 2 26
1 9 1 2 38 1 28
2 9 1 2 26 2 26
1 9 1 1 12 1 61
1 9 1 2 27 1 21
2 9 1 1 27 1 37
2 5 1 1 52 1 52
2 9 2 2 61 2 61
1 3 1 1 43 1 43
2 9 1 2 53 1 37
2 9 1 2 53 2 53
1 11 2 2 23 1 57
1 11 2 2 2 1 57
1 9 1 2 29 1 32
1 11 1 1 40 1 42
2 9 1 2 46 1 30
2 9 1 2 46 1 23
2 19 1 2 26 1 27
2 9 1 2 28 2 28
