2 3 2 1 24 1 24
2 3 2 1 28 1 24
2 2 1 1 31 1 31
2 11 1 1 42 1 54
2 9 1 1 42 1 37
2 9 1 2 44 2 57
2 3 1 1 33 1 33
2 9 1 1 21 1 31
2 3 1 1 45 1 45
2 9 1 1 45 2 27
3 8 1 1 35 1 48
2 5 1 1 48 1 48
1 11 1 2 53 1 38
2 9 1 1 50 2 24
2 3 1 1 50 1 50
2 3 1 1 47 1 47
2 9 2 1 22 1 22
2 5 1 1 30 1 30
1 9 1 1 50 1 50
2 5 1 1 52 1 52
2 10 1 1 52 1 23
2 19 1 2 74 1 25
2 9 1 2 74 2 74
2 9 1 2 40 1 57
2 8 1 1 39 1 32
2 3 1 1 39 1 39
2 9 1 2 31 2 42
2 8 1 2 35 1 50
2 3 1 2 35 2 35
2 11 1 2 30 1 46
2 9 1 2 51 2 51
1 9 1 2 20 1 18
2 9 1 1 26 1 47
2 5 1 1 26 1 26
2 9 1 1 27 2 35
2 5 1 1 48 1 48
2 9 1 1 48 1 37
1 9 1 1 21 1 72
1 9 1 2 24 1 28
2 2 1 1 44 1 44
2 8 1 1 44 1 65
2 5 1 1 33 1 33
2 19 1 1 47 1 65
1 11 1 1 29 1 24
2 20 2 2 31 1 38
2 4 2 2 31 1 33
2 20 2 1 33 1 38
2 4 2 1 33 1 33
1 11 1 1 43 1 28
1 9 1 2 33 1 24
2 2 1 2 24 2 24
2 9 1 2 24 2 39
2 8 1 1 39 1 39
2 8 1 1 39 1 42
4 9 3 1 20 1 45
4 9 3 1 20 2 29
4 9 3 1 20 1 48
4 9 3 1 20 1 30
4 9 3 2 29 1 45
4 9 3 2 29 2 29
4 9 3 2 29 1 48
4 9 3 2 29 1 30
4 9 3 1 33 1 45
4 9 3 1 33 2 29
4 9 3 1 33 1 48
4 9 3 1 33 1 30
2 5 2 1 35 1 35
2 19 2 1 35 1 34
2 5 2 2 32 1 35
2 19 2 2 32 1 34
2 3 1 1 28 1 28
3 5 1 1 35 1 35
3 9 1 1 35 1 26
3 8 1 1 35 1 63
1 21 1 1 25 1 39
2 9 1 2 41 1 44
2 2 1 2 41 2 41
2 9 1 1 42 1 34
2 5 1 1 42 1 42
1 9 1 2 46 1 19
2 5 1 1 33 1 33
2 9 1 1 33 1 43
2 8 1 1 45 1 36
2 9 1 2 39 1 50
1 5 1 1 53 1 30
1 19 1 1 69 1 52
1 8 1 1 50 1 42
1 4 1 1 41 1 41
2 9 1 1 34 2 32
2 5 1 1 34 1 34
2 9 1 1 40 1 39
2 9 1 1 35 1 38
2 5 1 1 35 1 35
2 11 1 1 36 1 39
2 11 1 1 36 1 55
2 8 1 1 32 1 62
2 5 1 1 33 1 33
2 9 1 1 33 2 61
2 9 1 1 49 1 26
2 3 1 1 49 1 49
1 9 1 2 38 1 38
1 9 1 1 41 1 29
1 11 1 2 54 1 39
1 11 1 2 25 1 42
2 2 2 1 28 1 28
2 2 2 2 28 1 28
1 9 2 1 42 1 39
1 9 2 2 42 1 39
3 19 2 1 46 1 46
3 19 2 1 46 1 24
3 19 2 1 24 1 46
3 19 2 1 24 1 24
2 19 1 1 40 1 30
2 5 1 1 40 1 40
2 19 1 1 24 1 37
2 5 1 1 32 1 32
2 9 1 1 32 2 42
1 11 1 2 81 1 36
2 19 1 1 55 1 55
1 9 1 1 41 1 42
1 11 1 2 64 1 35
1 8 1 2 23 1 40
3 11 1 2 67 1 48
3 11 1 2 67 1 47
1 11 1 2 76 1 32
2 9 1 1 28 2 39
1 11 1 2 51 1 50
2 19 1 1 28 1 28
1 20 1 2 63 1 44
3 9 1 1 54 2 31
1 8 1 1 64 1 67
1 11 1 2 54 1 51
1 11 1 1 4 1 47
1 11 1 2 56 1 38
1 8 1 1 26 1 72
3 11 2 2 5 1 57
3 11 2 1 56 1 57
1 9 1 2 30 1 30
1 11 1 2 56 1 56
2 5 1 1 23 1 23
1 11 1 2 35 1 57
1 11 1 2 20 1 21
2 8 1 1 36 1 45
2 5 1 1 36 1 36
3 9 4 2 24 2 19
3 9 4 2 24 1 50
3 9 4 2 19 2 19
3 9 4 2 19 1 50
3 9 4 1 50 2 19
3 9 4 1 50 1 50
1 11 1 2 17 1 35
1 9 1 2 16 1 23
1 9 1 2 50 1 27
2 21 1 1 55 1 55
2 3 2 1 33 1 33
2 3 2 1 29 1 33
2 19 1 1 31 1 27
2 8 1 1 30 1 37
2 5 1 1 30 1 30
2 9 1 2 19 1 54
2 11 1 1 31 2 36
2 9 1 1 31 1 31
1 11 1 1 19 1 44
1 9 1 2 12 1 50
1 11 1 1 57 1 46
2 9 1 1 20 1 37
1 5 2 2 62 1 33
1 5 2 1 57 1 33
1 11 1 1 33 1 30
2 3 1 1 26 1 26
1 11 1 2 50 1 46
1 9 2 1 20 1 20
1 9 2 1 20 1 20
2 3 1 1 34 1 34
2 9 1 1 34 2 36
2 4 1 1 45 1 45
2 9 1 1 45 1 39
2 9 1 1 26 1 53
1 9 1 1 29 1 59
4 9 2 2 10 2 46
4 9 2 2 10 1 23
4 9 2 2 10 1 46
4 8 2 2 10 1 49
4 9 2 2 66 2 46
4 9 2 2 66 1 23
4 9 2 2 66 1 46
4 8 2 2 66 1 49
2 8 1 1 22 1 39
2 9 1 2 26 1 59
2 9 1 2 26 2 56
2 9 1 1 34 1 31
2 2 1 1 34 1 34
1 11 1 2 83 1 34
2 9 1 1 14 1 25
1 9 1 2 17 2 20
1 8 1 1 61 1 66
2 21 1 2 26 1 35
2 3 1 2 26 2 26
1 5 1 1 42 1 32
1 11 1 1 31 1 44
1 9 1 1 24 1 36
1 11 1 1 47 1 58
2 9 1 1 45 1 27
1 11 1 1 42 2 44
1 11 2 1 30 1 30
1 11 2 1 21 1 30
2 9 1 1 40 1 38
1 11 1 1 51 1 31
3 19 1 1 31 1 44
3 8 1 1 31 1 63
3 5 1 1 31 1 31
1 8 1 2 51 1 45
1 9 1 1 11 2 48
2 5 1 1 26 1 26
2 19 1 1 26 1 41
2 19 1 1 22 1 24
2 5 1 1 22 1 22
2 9 1 1 52 1 24
2 9 1 1 20 2 56
2 9 1 1 38 2 54
2 9 1 1 40 1 23
3 19 1 1 17 1 49
3 3 1 1 17 1 17
1 11 1 1 80 1 40
1 9 1 1 15 2 50
2 9 1 1 26 1 42
2 3 1 1 25 1 25
1 5 1 1 20 1 20
2 9 1 1 35 1 27
1 11 2 1 64 1 49
1 11 2 2 62 1 49
1 9 1 2 28 1 25
1 9 1 1 37 2 38
2 8 1 1 40 1 48
2 4 1 1 40 1 49
1 8 1 1 31 1 32
2 9 1 1 18 2 45
2 20 1 1 33 1 32
1 9 1 1 30 1 21
2 4 1 1 31 1 31
2 19 1 1 31 1 56
2 3 1 1 33 1 33
1 11 1 1 36 1 29
2 5 1 1 26 1 26
2 19 1 1 26 1 28
2 9 2 2 34 2 34
2 9 2 1 23 2 34
2 9 2 1 18 1 50
2 9 2 1 16 1 50
2 9 1 1 32 2 28
1 11 1 2 87 1 32
2 9 2 1 26 1 26
2 9 2 2 24 1 26
2 9 1 1 17 1 67
1 9 1 2 28 2 37
2 5 1 1 32 1 32
1 4 3 1 27 1 27
1 4 3 2 23 1 27
1 4 3 2 23 1 27
2 9 1 1 41 1 27
2 3 1 1 41 1 41
2 9 2 1 24 1 46
2 9 2 1 23 1 46
1 9 1 2 37 1 34
1 8 1 2 96 1 49
1 2 1 1 16 1 16
1 9 1 2 52 2 52
1 11 1 2 50 2 43
1 9 1 1 51 1 28
2 9 1 1 30 1 43
2 9 2 2 25 2 58
2 9 2 2 58 2 58
3 9 1 1 44 1 44
2 3 1 1 19 1 19
2 9 1 1 19 1 40
2 3 1 1 37 1 37
2 9 1 1 37 2 49
1 3 2 1 17 1 17
1 3 1 1 58 1 36
2 9 1 2 70 1 76
2 9 1 1 26 1 24
2 9 2 2 35 1 37
2 5 2 2 35 1 53
2 9 2 1 37 1 37
2 5 2 1 37 1 53
1 9 1 2 11 1 33
2 9 1 2 27 2 24
2 9 4 1 28 1 36
2 5 4 1 28 1 28
2 9 4 2 29 1 36
2 5 4 2 29 1 28
2 9 4 2 51 1 36
2 5 4 2 51 1 28
2 9 4 1 18 1 36
2 5 4 1 18 1 28
2 9 1 1 45 2 26
2 9 1 2 46 1 59
1 9 2 2 15 1 33
1 9 2 2 33 1 33
2 3 1 1 23 1 23
2 8 2 1 36 1 52
2 9 2 1 36 1 21
2 8 2 1 52 1 52
2 9 2 1 52 1 21
2 19 1 1 25 1 22
2 2 1 1 25 1 25
1 20 1 2 42 1 27
2 9 1 2 33 1 26
1 11 1 1 31 1 49
2 9 1 1 41 1 43
1 9 1 1 26 1 35
3 2 1 1 33 1 33
2 9 1 1 9 1 26
2 9 1 1 37 1 32
2 4 1 1 37 1 37
2 9 2 1 32 1 31
2 9 2 1 28 1 31
2 9 1 1 15 1 40
1 11 1 1 88 1 21
2 9 1 1 79 1 24
2 9 1 1 41 1 44
2 5 1 1 41 1 41
2 9 2 1 38 2 31
2 8 2 1 38 1 38
2 9 2 2 23 2 31
2 8 2 2 23 1 38
3 3 2 1 30 1 30
3 9 2 1 30 1 24
3 3 2 2 29 1 30
3 9 2 2 29 1 24
2 8 1 2 26 1 54
2 19 1 2 26 1 42
2 5 1 1 49 1 49
2 8 1 1 49 1 34
2 9 3 2 21 1 22
2 9 3 2 21 1 22
2 9 1 1 10 1 45
1 9 1 1 21 1 39
2 3 1 1 17 1 17
2 5 1 1 53 1 53
2 5 1 1 54 1 54
2 3 1 1 17 1 17
2 5 1 1 37 1 37
2 19 1 1 37 1 43
1 5 2 2 23 1 23
1 5 2 1 59 1 23
3 4 1 1 39 1 39
3 8 1 1 39 1 36
2 19 1 1 35 1 35
1 9 1 1 36 1 26
1 9 1 2 30 1 23
2 4 1 1 36 1 36
2 5 3 1 25 1 25
2 5 3 2 25 1 25
2 5 3 1 31 1 25
2 19 1 1 30 1 35
2 5 1 1 30 1 30
2 9 1 2 26 1 72
1 3 1 2 61 1 29
2 9 1 1 55 1 41
1 8 1 2 50 1 47
1 5 1 1 27 1 27
1 9 1 2 18 1 34
2 11 1 1 42 1 37
1 4 2 1 37 1 28
1 4 2 1 28 1 28
2 19 1 1 35 1 70
2 5 1 1 35 1 35
1 2 2 1 18 1 23
1 2 2 2 27 1 23
1 9 2 2 11 2 32
1 9 2 1 6 2 32
1 11 1 1 72 1 41
1 20 1 1 38 1 63
1 9 1 1 26 1 28
1 9 1 1 23 1 35
3 9 1 1 20 1 42
3 9 1 1 20 1 35
1 5 1 1 21 1 21
2 3 1 1 31 1 31
2 9 1 1 31 1 42
2 9 1 1 35 1 35
2 9 1 1 35 1 48
1 9 1 2 45 1 53
2 9 1 2 32 2 32
1 11 1 2 33 1 58
2 3 1 1 25 1 25
2 9 2 1 40 1 40
2 9 1 1 25 1 30
2 9 1 1 49 1 57
2 9 2 1 48 1 48
2 9 2 1 48 1 77
2 9 2 1 77 1 48
2 9 2 1 77 1 77
2 3 1 1 41 1 41
1 9 1 2 35 1 71
1 4 1 1 42 1 42
2 5 1 1 36 1 36
1 9 1 1 9 1 52
2 21 2 1 36 1 27
2 21 2 2 32 1 27
1 9 1 2 21 1 35
2 9 1 1 26 1 31
2 3 1 1 26 1 26
1 9 1 2 10 1 50
1 5 1 1 25 1 25
2 3 1 1 21 1 21
1 9 1 1 36 1 20
2 5 1 1 29 1 29
2 11 1 1 29 1 42
2 9 1 2 24 1 31
2 9 1 2 22 1 76
2 4 1 1 30 1 30
2 19 1 2 21 1 35
1 9 1 2 21 2 38
1 5 1 1 14 1 31
1 9 1 2 11 1 27
2 9 1 2 20 3 46
1 9 1 1 24 1 42
1 19 1 1 65 1 48
2 3 1 1 19 1 19
2 5 1 1 57 1 57
2 19 1 1 29 1 29
2 9 1 1 23 2 49
2 4 1 1 23 1 23
2 9 1 1 29 2 28
2 5 1 1 35 1 35
3 9 2 1 44 1 44
3 8 2 1 44 1 44
3 19 2 1 44 1 59
3 9 2 1 59 1 44
3 8 2 1 59 1 44
3 19 2 1 59 1 59
2 9 1 2 49 2 49
2 5 1 1 56 1 56
3 5 1 1 26 1 26
3 9 1 1 26 1 36
2 3 1 1 31 1 31
2 9 1 2 39 2 39
2 3 1 1 25 1 25
2 9 1 1 25 2 24
3 21 1 1 23 1 37
3 3 1 1 23 1 23
2 5 1 1 44 1 44
2 8 1 1 62 1 62
1 3 2 1 27 1 32
1 3 2 1 32 1 32
2 5 1 1 26 1 26
2 9 1 1 24 2 29
2 4 1 1 24 1 24
2 3 1 1 24 1 24
2 9 1 1 34 2 37
2 5 1 1 33 1 33
2 9 1 2 40 1 63
2 9 1 2 40 2 40
1 9 1 2 69 1 42
2 5 1 1 41 1 41
1 9 1 1 12 1 24
1 9 1 2 27 1 31
3 9 1 1 45 2 45
1 9 1 1 38 2 43
2 5 1 1 29 1 29
2 9 1 1 70 1 24
2 9 1 1 70 2 51
3 9 2 1 54 1 54
3 9 2 1 54 2 45
3 9 2 2 45 1 54
3 9 2 2 45 2 45
2 9 6 2 43 1 21
2 9 6 1 15 1 21
2 9 6 1 12 1 21
2 9 6 2 7 1 21
2 9 6 2 4 1 21
2 9 6 1 21 1 21
2 4 3 1 20 1 20
2 4 3 1 29 1 20
2 4 3 1 33 1 20
3 9 1 1 22 1 36
3 9 1 1 22 2 47
4 9 1 2 50 1 48
4 9 1 2 50 2 50
4 9 1 2 50 1 51
4 9 1 2 50 1 31
1 5 2 1 36 1 36
1 5 2 1 67 1 36
1 9 1 1 11 1 40
2 9 3 2 20 2 20
2 9 3 2 20 2 31
2 9 3 2 43 2 20
2 9 3 2 43 2 31
2 9 3 2 16 2 20
2 9 3 2 16 2 31
2 2 1 1 27 1 27
2 9 1 1 25 1 25
2 9 1 1 25 1 33
1 9 1 2 13 1 31
1 9 1 1 64 1 35
2 19 2 1 40 1 40
2 19 2 1 40 1 28
2 19 2 1 49 1 40
2 19 2 1 49 1 28
2 2 1 1 61 1 61
2 8 1 2 25 1 63
